15 112 [0, 1, 2, 3, 4, 5, 6, 7, 8, 9, 10, 11, 12, 13, 14]0 1 10
0 2 87
0 3 7
0 4 7
0 5 57
0 6 92
0 7 56
0 8 35
0 9 68
0 10 35
0 11 83
0 12 30
0 13 82
0 14 29
1 2 83
1 3 97
1 4 28
1 5 88
1 6 37
1 7 65
1 8 61
1 9 32
1 10 27
1 11 49
1 12 17
1 13 100
1 14 47
2 3 100
2 4 77
2 5 51
2 6 31
2 7 39
2 8 76
2 9 51
2 10 5
2 11 85
2 12 30
2 13 23
2 14 31
3 4 96
3 5 43
3 6 66
3 7 25
3 8 95
3 9 95
3 10 24
3 11 35
3 12 69
3 13 96
3 14 15
4 5 17
4 6 86
4 7 36
4 8 96
4 9 100
4 10 91
4 11 18
4 12 51
4 13 3
4 14 48
5 6 16
5 7 77
5 8 63
5 9 49
5 10 57
5 11 96
5 12 57
5 13 2
5 14 55
6 7 37
6 8 77
6 9 69
6 10 54
6 11 14
6 12 25
6 13 70
6 14 31
7 8 91
7 9 64
7 10 6
7 11 59
7 12 22
7 13 6
7 14 39
8 9 39
8 10 31
8 11 86
8 12 36
8 13 71
8 14 62
9 10 29
9 11 83
9 12 90
9 13 54
9 14 7
10 11 61
10 12 56
10 13 21
10 14 66
11 12 7
11 13 94
11 14 85
12 13 53
12 14 6
13 14 80
15 112 [0, 1, 2, 3, 4, 5, 6, 7, 8, 9, 10, 11, 12, 13, 14]0 1 94
0 2 95
0 3 1
0 4 54
0 5 75
0 6 67
0 7 28
0 8 24
0 9 90
0 10 94
0 11 20
0 12 24
0 13 70
0 14 15
1 2 99
1 3 54
1 4 55
1 5 33
1 6 39
1 7 70
1 8 28
1 9 94
1 10 86
1 11 95
1 12 29
1 13 69
1 14 18
2 3 64
2 4 87
2 5 5
2 6 93
2 7 2
2 8 8
2 9 73
2 10 47
2 11 45
2 12 63
2 13 34
2 14 77
3 4 49
3 5 37
3 6 10
3 7 70
3 8 68
3 9 17
3 10 97
3 11 67
3 12 23
3 13 14
3 14 36
4 5 69
4 6 4
4 7 82
4 8 57
4 9 45
4 10 29
4 11 58
4 12 41
4 13 36
4 14 82
5 6 48
5 7 32
5 8 56
5 9 48
5 10 65
5 11 20
5 12 3
5 13 70
5 14 25
6 7 86
6 8 53
6 9 4
6 10 25
6 11 71
6 12 77
6 13 53
6 14 2
7 8 76
7 9 6
7 10 39
7 11 79
7 12 97
7 13 31
7 14 45
8 9 94
8 10 96
8 11 64
8 12 39
8 13 29
8 14 62
9 10 46
9 11 43
9 12 3
9 13 85
9 14 24
10 11 40
10 12 83
10 13 81
10 14 65
11 12 28
11 13 77
11 14 49
12 13 20
12 14 32
13 14 40
15 112 [0, 1, 2, 3, 4, 5, 6, 7, 8, 9, 10, 11, 12, 13, 14]0 1 3
0 2 12
0 3 3
0 4 79
0 5 39
0 6 12
0 7 89
0 8 26
0 9 59
0 10 10
0 11 50
0 12 41
0 13 13
0 14 16
1 2 96
1 3 11
1 4 55
1 5 33
1 6 90
1 7 80
1 8 68
1 9 6
1 10 79
1 11 1
1 12 82
1 13 47
1 14 9
2 3 52
2 4 93
2 5 82
2 6 18
2 7 94
2 8 86
2 9 96
2 10 85
2 11 79
2 12 27
2 13 88
2 14 97
3 4 70
3 5 36
3 6 71
3 7 78
3 8 27
3 9 82
3 10 46
3 11 21
3 12 58
3 13 76
3 14 24
4 5 45
4 6 44
4 7 63
4 8 60
4 9 67
4 10 86
4 11 80
4 12 12
4 13 68
4 14 15
5 6 94
5 7 68
5 8 36
5 9 22
5 10 44
5 11 88
5 12 49
5 13 75
5 14 91
6 7 66
6 8 30
6 9 51
6 10 47
6 11 20
6 12 1
6 13 81
6 14 96
7 8 58
7 9 57
7 10 3
7 11 22
7 12 74
7 13 93
7 14 54
8 9 53
8 10 85
8 11 55
8 12 13
8 13 56
8 14 91
9 10 31
9 11 58
9 12 35
9 13 43
9 14 35
10 11 30
10 12 75
10 13 16
10 14 76
11 12 60
11 13 23
11 14 12
12 13 29
12 14 35
13 14 75
15 112 [0, 1, 2, 3, 4, 5, 6, 7, 8, 9, 10, 11, 12, 13, 14]0 1 47
0 2 87
0 3 2
0 4 9
0 5 11
0 6 31
0 7 37
0 8 9
0 9 45
0 10 50
0 11 39
0 12 53
0 13 8
0 14 7
1 2 64
1 3 65
1 4 42
1 5 24
1 6 38
1 7 47
1 8 6
1 9 91
1 10 44
1 11 43
1 12 95
1 13 37
1 14 45
2 3 70
2 4 46
2 5 94
2 6 81
2 7 95
2 8 46
2 9 79
2 10 45
2 11 49
2 12 41
2 13 89
2 14 39
3 4 100
3 5 57
3 6 80
3 7 49
3 8 70
3 9 48
3 10 34
3 11 86
3 12 80
3 13 74
3 14 100
4 5 23
4 6 19
4 7 92
4 8 49
4 9 89
4 10 35
4 11 93
4 12 18
4 13 16
4 14 35
5 6 63
5 7 81
5 8 61
5 9 24
5 10 81
5 11 44
5 12 55
5 13 39
5 14 23
6 7 86
6 8 97
6 9 30
6 10 53
6 11 10
6 12 40
6 13 89
6 14 13
7 8 18
7 9 77
7 10 66
7 11 34
7 12 1
7 13 46
7 14 3
8 9 23
8 10 2
8 11 37
8 12 83
8 13 95
8 14 52
9 10 55
9 11 9
9 12 63
9 13 19
9 14 63
10 11 60
10 12 39
10 13 46
10 14 94
11 12 99
11 13 50
11 14 1
12 13 1
12 14 57
13 14 96
15 112 [0, 1, 2, 3, 4, 5, 6, 7, 8, 9, 10, 11, 12, 13, 14]0 1 12
0 2 51
0 3 9
0 4 100
0 5 32
0 6 80
0 7 97
0 8 58
0 9 11
0 10 42
0 11 33
0 12 67
0 13 77
0 14 54
1 2 67
1 3 31
1 4 18
1 5 44
1 6 52
1 7 13
1 8 19
1 9 31
1 10 72
1 11 82
1 12 92
1 13 85
1 14 20
2 3 100
2 4 35
2 5 9
2 6 99
2 7 31
2 8 38
2 9 7
2 10 76
2 11 35
2 12 74
2 13 12
2 14 97
3 4 40
3 5 71
3 6 18
3 7 46
3 8 41
3 9 79
3 10 10
3 11 30
3 12 1
3 13 91
3 14 9
4 5 22
4 6 68
4 7 45
4 8 15
4 9 44
4 10 42
4 11 65
4 12 16
4 13 54
4 14 9
5 6 59
5 7 59
5 8 68
5 9 63
5 10 69
5 11 18
5 12 58
5 13 96
5 14 99
6 7 73
6 8 45
6 9 64
6 10 96
6 11 54
6 12 84
6 13 21
6 14 73
7 8 93
7 9 89
7 10 23
7 11 4
7 12 27
7 13 51
7 14 89
8 9 77
8 10 23
8 11 15
8 12 3
8 13 99
8 14 21
9 10 44
9 11 17
9 12 31
9 13 11
9 14 4
10 11 5
10 12 34
10 13 89
10 14 17
11 12 53
11 13 67
11 14 1
12 13 98
12 14 60
13 14 93
15 112 [0, 1, 2, 3, 4, 5, 6, 7, 8, 9, 10, 11, 12, 13, 14]0 1 41
0 2 38
0 3 20
0 4 14
0 5 43
0 6 86
0 7 90
0 8 7
0 9 25
0 10 50
0 11 54
0 12 92
0 13 28
0 14 3
1 2 96
1 3 28
1 4 76
1 5 98
1 6 79
1 7 88
1 8 67
1 9 68
1 10 43
1 11 84
1 12 21
1 13 28
1 14 87
2 3 89
2 4 74
2 5 41
2 6 68
2 7 35
2 8 16
2 9 62
2 10 90
2 11 3
2 12 37
2 13 11
2 14 77
3 4 49
3 5 56
3 6 26
3 7 45
3 8 24
3 9 80
3 10 29
3 11 92
3 12 85
3 13 49
3 14 75
4 5 18
4 6 100
4 7 100
4 8 18
4 9 19
4 10 75
4 11 59
4 12 20
4 13 44
4 14 48
5 6 67
5 7 73
5 8 46
5 9 15
5 10 73
5 11 58
5 12 21
5 13 4
5 14 58
6 7 65
6 8 77
6 9 88
6 10 37
6 11 36
6 12 32
6 13 57
6 14 4
7 8 44
7 9 80
7 10 22
7 11 77
7 12 49
7 13 67
7 14 82
8 9 83
8 10 60
8 11 95
8 12 46
8 13 87
8 14 16
9 10 76
9 11 40
9 12 15
9 13 34
9 14 41
10 11 11
10 12 76
10 13 58
10 14 20
11 12 49
11 13 84
11 14 62
12 13 99
12 14 15
13 14 31
15 112 [0, 1, 2, 3, 4, 5, 6, 7, 8, 9, 10, 11, 12, 13, 14]0 1 51
0 2 4
0 3 78
0 4 57
0 5 65
0 6 56
0 7 68
0 8 28
0 9 15
0 10 85
0 11 67
0 12 56
0 13 63
0 14 57
1 2 5
1 3 27
1 4 42
1 5 26
1 6 11
1 7 97
1 8 68
1 9 50
1 10 64
1 11 9
1 12 28
1 13 22
1 14 86
2 3 14
2 4 17
2 5 35
2 6 32
2 7 43
2 8 98
2 9 59
2 10 61
2 11 38
2 12 54
2 13 28
2 14 12
3 4 97
3 5 54
3 6 79
3 7 88
3 8 2
3 9 25
3 10 30
3 11 46
3 12 87
3 13 80
3 14 26
4 5 82
4 6 83
4 7 44
4 8 26
4 9 67
4 10 8
4 11 46
4 12 11
4 13 70
4 14 44
5 6 56
5 7 74
5 8 48
5 9 46
5 10 85
5 11 76
5 12 87
5 13 58
5 14 68
6 7 39
6 8 12
6 9 44
6 10 62
6 11 87
6 12 60
6 13 66
6 14 59
7 8 40
7 9 74
7 10 48
7 11 3
7 12 38
7 13 44
7 14 50
8 9 2
8 10 6
8 11 59
8 12 68
8 13 31
8 14 34
9 10 87
9 11 100
9 12 17
9 13 5
9 14 1
10 11 79
10 12 12
10 13 44
10 14 50
11 12 23
11 13 3
11 14 13
12 13 30
12 14 17
13 14 85
15 112 [0, 1, 2, 3, 4, 5, 6, 7, 8, 9, 10, 11, 12, 13, 14]0 1 14
0 2 75
0 3 37
0 4 46
0 5 100
0 6 77
0 7 21
0 8 62
0 9 30
0 10 17
0 11 79
0 12 17
0 13 100
0 14 98
1 2 32
1 3 95
1 4 31
1 5 64
1 6 100
1 7 79
1 8 26
1 9 42
1 10 40
1 11 98
1 12 48
1 13 59
1 14 95
2 3 13
2 4 39
2 5 57
2 6 75
2 7 36
2 8 13
2 9 42
2 10 2
2 11 48
2 12 71
2 13 83
2 14 38
3 4 89
3 5 12
3 6 60
3 7 97
3 8 5
3 9 11
3 10 26
3 11 12
3 12 27
3 13 43
3 14 24
4 5 79
4 6 27
4 7 92
4 8 98
4 9 62
4 10 55
4 11 38
4 12 25
4 13 41
4 14 83
5 6 20
5 7 4
5 8 54
5 9 81
5 10 42
5 11 1
5 12 48
5 13 5
5 14 72
6 7 83
6 8 27
6 9 67
6 10 86
6 11 24
6 12 18
6 13 37
6 14 78
7 8 27
7 9 92
7 10 91
7 11 8
7 12 60
7 13 89
7 14 8
8 9 92
8 10 83
8 11 52
8 12 74
8 13 66
8 14 74
9 10 92
9 11 90
9 12 99
9 13 44
9 14 90
10 11 47
10 12 76
10 13 87
10 14 63
11 12 7
11 13 71
11 14 74
12 13 25
12 14 45
13 14 22
15 112 [0, 1, 2, 3, 4, 5, 6, 7, 8, 9, 10, 11, 12, 13, 14]0 1 33
0 2 18
0 3 77
0 4 81
0 5 14
0 6 59
0 7 19
0 8 78
0 9 7
0 10 17
0 11 78
0 12 20
0 13 33
0 14 86
1 2 9
1 3 7
1 4 68
1 5 18
1 6 61
1 7 81
1 8 67
1 9 4
1 10 46
1 11 5
1 12 41
1 13 28
1 14 87
2 3 6
2 4 97
2 5 45
2 6 61
2 7 49
2 8 13
2 9 62
2 10 32
2 11 98
2 12 40
2 13 26
2 14 28
3 4 70
3 5 93
3 6 92
3 7 61
3 8 74
3 9 39
3 10 97
3 11 65
3 12 96
3 13 83
3 14 22
4 5 70
4 6 74
4 7 52
4 8 38
4 9 31
4 10 29
4 11 50
4 12 19
4 13 45
4 14 59
5 6 35
5 7 77
5 8 84
5 9 13
5 10 40
5 11 95
5 12 70
5 13 71
5 14 49
6 7 11
6 8 29
6 9 68
6 10 21
6 11 40
6 12 67
6 13 67
6 14 97
7 8 75
7 9 50
7 10 81
7 11 41
7 12 49
7 13 13
7 14 72
8 9 25
8 10 22
8 11 71
8 12 29
8 13 19
8 14 12
9 10 63
9 11 2
9 12 1
9 13 73
9 14 66
10 11 11
10 12 48
10 13 16
10 14 87
11 12 8
11 13 81
11 14 90
12 13 100
12 14 4
13 14 60
15 112 [0, 1, 2, 3, 4, 5, 6, 7, 8, 9, 10, 11, 12, 13, 14]0 1 68
0 2 64
0 3 98
0 4 24
0 5 7
0 6 17
0 7 85
0 8 32
0 9 49
0 10 53
0 11 4
0 12 83
0 13 84
0 14 73
1 2 31
1 3 76
1 4 22
1 5 23
1 6 66
1 7 38
1 8 73
1 9 95
1 10 4
1 11 6
1 12 14
1 13 87
1 14 56
2 3 71
2 4 40
2 5 44
2 6 13
2 7 96
2 8 21
2 9 81
2 10 77
2 11 64
2 12 47
2 13 80
2 14 50
3 4 27
3 5 69
3 6 10
3 7 23
3 8 24
3 9 22
3 10 30
3 11 95
3 12 19
3 13 5
3 14 60
4 5 11
4 6 55
4 7 69
4 8 95
4 9 90
4 10 69
4 11 34
4 12 53
4 13 93
4 14 26
5 6 62
5 7 92
5 8 42
5 9 54
5 10 35
5 11 74
5 12 90
5 13 17
5 14 99
6 7 82
6 8 37
6 9 73
6 10 57
6 11 54
6 12 77
6 13 91
6 14 78
7 8 43
7 9 30
7 10 71
7 11 54
7 12 17
7 13 23
7 14 78
8 9 72
8 10 14
8 11 2
8 12 33
8 13 22
8 14 41
9 10 13
9 11 45
9 12 50
9 13 71
9 14 78
10 11 42
10 12 67
10 13 29
10 14 95
11 12 36
11 13 31
11 14 5
12 13 33
12 14 82
13 14 66
15 112 [0, 1, 2, 3, 4, 5, 6, 7, 8, 9, 10, 11, 12, 13, 14]0 1 58
0 2 58
0 3 94
0 4 93
0 5 72
0 6 23
0 7 46
0 8 76
0 9 87
0 10 23
0 11 16
0 12 39
0 13 73
0 14 26
1 2 82
1 3 23
1 4 94
1 5 29
1 6 27
1 7 35
1 8 40
1 9 51
1 10 94
1 11 24
1 12 72
1 13 60
1 14 66
2 3 6
2 4 26
2 5 42
2 6 69
2 7 40
2 8 40
2 9 67
2 10 43
2 11 10
2 12 52
2 13 8
2 14 18
3 4 39
3 5 12
3 6 29
3 7 26
3 8 94
3 9 50
3 10 92
3 11 52
3 12 100
3 13 18
3 14 58
4 5 55
4 6 79
4 7 3
4 8 87
4 9 8
4 10 35
4 11 74
4 12 77
4 13 60
4 14 31
5 6 27
5 7 53
5 8 84
5 9 44
5 10 75
5 11 15
5 12 73
5 13 20
5 14 54
6 7 58
6 8 30
6 9 55
6 10 71
6 11 45
6 12 78
6 13 19
6 14 27
7 8 46
7 9 11
7 10 100
7 11 16
7 12 4
7 13 18
7 14 78
8 9 36
8 10 77
8 11 84
8 12 50
8 13 55
8 14 77
9 10 13
9 11 53
9 12 96
9 13 48
9 14 22
10 11 31
10 12 45
10 13 68
10 14 61
11 12 17
11 13 97
11 14 51
12 13 95
12 14 36
13 14 75
15 112 [0, 1, 2, 3, 4, 5, 6, 7, 8, 9, 10, 11, 12, 13, 14]0 1 83
0 2 76
0 3 42
0 4 12
0 5 94
0 6 42
0 7 63
0 8 62
0 9 8
0 10 91
0 11 67
0 12 40
0 13 11
0 14 15
1 2 66
1 3 40
1 4 75
1 5 64
1 6 61
1 7 92
1 8 99
1 9 71
1 10 62
1 11 62
1 12 92
1 13 17
1 14 15
2 3 42
2 4 15
2 5 96
2 6 57
2 7 9
2 8 98
2 9 91
2 10 33
2 11 46
2 12 75
2 13 64
2 14 21
3 4 78
3 5 38
3 6 6
3 7 25
3 8 71
3 9 3
3 10 87
3 11 94
3 12 29
3 13 22
3 14 22
4 5 26
4 6 48
4 7 95
4 8 29
4 9 22
4 10 86
4 11 66
4 12 42
4 13 42
4 14 81
5 6 59
5 7 6
5 8 11
5 9 29
5 10 64
5 11 35
5 12 55
5 13 78
5 14 30
6 7 65
6 8 73
6 9 11
6 10 92
6 11 83
6 12 55
6 13 50
6 14 73
7 8 16
7 9 23
7 10 21
7 11 55
7 12 77
7 13 16
7 14 85
8 9 73
8 10 5
8 11 66
8 12 92
8 13 28
8 14 32
9 10 29
9 11 81
9 12 39
9 13 86
9 14 39
10 11 100
10 12 34
10 13 99
10 14 58
11 12 66
11 13 100
11 14 32
12 13 95
12 14 35
13 14 33
15 112 [0, 1, 2, 3, 4, 5, 6, 7, 8, 9, 10, 11, 12, 13, 14]0 1 94
0 2 2
0 3 72
0 4 11
0 5 99
0 6 20
0 7 24
0 8 92
0 9 79
0 10 69
0 11 12
0 12 68
0 13 93
0 14 93
1 2 27
1 3 68
1 4 26
1 5 79
1 6 56
1 7 100
1 8 59
1 9 77
1 10 28
1 11 60
1 12 75
1 13 84
1 14 67
2 3 94
2 4 74
2 5 64
2 6 71
2 7 20
2 8 24
2 9 27
2 10 58
2 11 53
2 12 23
2 13 86
2 14 85
3 4 22
3 5 68
3 6 41
3 7 34
3 8 93
3 9 50
3 10 25
3 11 21
3 12 52
3 13 27
3 14 11
4 5 69
4 6 11
4 7 90
4 8 59
4 9 60
4 10 69
4 11 45
4 12 12
4 13 92
4 14 30
5 6 17
5 7 24
5 8 11
5 9 33
5 10 80
5 11 46
5 12 34
5 13 68
5 14 43
6 7 62
6 8 79
6 9 76
6 10 77
6 11 47
6 12 33
6 13 35
6 14 45
7 8 77
7 9 81
7 10 30
7 11 9
7 12 89
7 13 42
7 14 20
8 9 1
8 10 39
8 11 54
8 12 21
8 13 30
8 14 69
9 10 42
9 11 20
9 12 5
9 13 94
9 14 34
10 11 82
10 12 16
10 13 95
10 14 84
11 12 53
11 13 43
11 14 67
12 13 39
12 14 80
13 14 76
15 112 [0, 1, 2, 3, 4, 5, 6, 7, 8, 9, 10, 11, 12, 13, 14]0 1 3
0 2 62
0 3 57
0 4 7
0 5 27
0 6 31
0 7 19
0 8 28
0 9 53
0 10 100
0 11 63
0 12 58
0 13 91
0 14 64
1 2 65
1 3 67
1 4 77
1 5 15
1 6 13
1 7 95
1 8 69
1 9 72
1 10 59
1 11 74
1 12 11
1 13 82
1 14 78
2 3 68
2 4 78
2 5 5
2 6 33
2 7 67
2 8 13
2 9 97
2 10 46
2 11 5
2 12 40
2 13 75
2 14 54
3 4 72
3 5 10
3 6 95
3 7 9
3 8 57
3 9 90
3 10 74
3 11 16
3 12 9
3 13 78
3 14 75
4 5 13
4 6 38
4 7 78
4 8 21
4 9 80
4 10 84
4 11 32
4 12 35
4 13 57
4 14 17
5 6 73
5 7 62
5 8 63
5 9 75
5 10 96
5 11 29
5 12 91
5 13 83
5 14 5
6 7 51
6 8 42
6 9 80
6 10 30
6 11 23
6 12 1
6 13 55
6 14 73
7 8 72
7 9 24
7 10 20
7 11 98
7 12 87
7 13 48
7 14 100
8 9 46
8 10 50
8 11 52
8 12 37
8 13 32
8 14 55
9 10 15
9 11 56
9 12 56
9 13 68
9 14 69
10 11 38
10 12 43
10 13 69
10 14 38
11 12 95
11 13 54
11 14 33
12 13 56
12 14 95
13 14 54
15 112 [0, 1, 2, 3, 4, 5, 6, 7, 8, 9, 10, 11, 12, 13, 14]0 1 16
0 2 54
0 3 54
0 4 31
0 5 65
0 6 54
0 7 86
0 8 5
0 9 29
0 10 40
0 11 47
0 12 4
0 13 96
0 14 53
1 2 8
1 3 23
1 4 67
1 5 18
1 6 34
1 7 90
1 8 24
1 9 29
1 10 1
1 11 19
1 12 67
1 13 82
1 14 94
2 3 52
2 4 24
2 5 26
2 6 2
2 7 63
2 8 98
2 9 9
2 10 63
2 11 89
2 12 96
2 13 35
2 14 62
3 4 95
3 5 56
3 6 89
3 7 38
3 8 23
3 9 78
3 10 45
3 11 85
3 12 57
3 13 8
3 14 90
4 5 2
4 6 85
4 7 95
4 8 55
4 9 88
4 10 9
4 11 45
4 12 48
4 13 65
4 14 86
5 6 87
5 7 71
5 8 69
5 9 60
5 10 10
5 11 93
5 12 29
5 13 68
5 14 20
6 7 100
6 8 26
6 9 73
6 10 81
6 11 30
6 12 56
6 13 67
6 14 15
7 8 53
7 9 50
7 10 7
7 11 40
7 12 82
7 13 60
7 14 6
8 9 49
8 10 5
8 11 88
8 12 11
8 13 16
8 14 52
9 10 53
9 11 33
9 12 28
9 13 52
9 14 92
10 11 35
10 12 52
10 13 59
10 14 77
11 12 33
11 13 30
11 14 30
12 13 74
12 14 18
13 14 80
15 112 [0, 1, 2, 3, 4, 5, 6, 7, 8, 9, 10, 11, 12, 13, 14]0 1 74
0 2 87
0 3 64
0 4 69
0 5 29
0 6 78
0 7 63
0 8 44
0 9 63
0 10 71
0 11 31
0 12 88
0 13 62
0 14 61
1 2 44
1 3 50
1 4 40
1 5 35
1 6 40
1 7 4
1 8 84
1 9 96
1 10 8
1 11 53
1 12 81
1 13 16
1 14 50
2 3 18
2 4 10
2 5 62
2 6 15
2 7 93
2 8 2
2 9 1
2 10 36
2 11 53
2 12 31
2 13 59
2 14 74
3 4 32
3 5 88
3 6 28
3 7 23
3 8 1
3 9 5
3 10 43
3 11 36
3 12 89
3 13 13
3 14 61
4 5 97
4 6 65
4 7 32
4 8 90
4 9 56
4 10 8
4 11 68
4 12 87
4 13 19
4 14 37
5 6 44
5 7 82
5 8 37
5 9 9
5 10 88
5 11 45
5 12 26
5 13 22
5 14 12
6 7 75
6 8 83
6 9 84
6 10 79
6 11 51
6 12 87
6 13 100
6 14 48
7 8 70
7 9 23
7 10 59
7 11 100
7 12 45
7 13 54
7 14 37
8 9 82
8 10 9
8 11 43
8 12 87
8 13 56
8 14 76
9 10 47
9 11 72
9 12 30
9 13 1
9 14 2
10 11 50
10 12 51
10 13 26
10 14 55
11 12 85
11 13 97
11 14 52
12 13 17
12 14 51
13 14 39
15 112 [0, 1, 2, 3, 4, 5, 6, 7, 8, 9, 10, 11, 12, 13, 14]0 1 3
0 2 92
0 3 93
0 4 42
0 5 75
0 6 48
0 7 16
0 8 23
0 9 19
0 10 58
0 11 36
0 12 53
0 13 9
0 14 15
1 2 19
1 3 36
1 4 3
1 5 34
1 6 80
1 7 86
1 8 4
1 9 20
1 10 87
1 11 70
1 12 90
1 13 34
1 14 56
2 3 15
2 4 82
2 5 66
2 6 45
2 7 8
2 8 79
2 9 82
2 10 16
2 11 27
2 12 8
2 13 51
2 14 31
3 4 55
3 5 79
3 6 77
3 7 47
3 8 94
3 9 8
3 10 52
3 11 73
3 12 10
3 13 64
3 14 53
4 5 71
4 6 87
4 7 30
4 8 39
4 9 86
4 10 41
4 11 29
4 12 4
4 13 4
4 14 34
5 6 16
5 7 31
5 8 8
5 9 97
5 10 71
5 11 31
5 12 84
5 13 4
5 14 58
6 7 46
6 8 92
6 9 95
6 10 93
6 11 40
6 12 58
6 13 33
6 14 28
7 8 61
7 9 53
7 10 47
7 11 9
7 12 33
7 13 3
7 14 36
8 9 55
8 10 52
8 11 35
8 12 76
8 13 97
8 14 98
9 10 91
9 11 42
9 12 99
9 13 81
9 14 37
10 11 82
10 12 22
10 13 88
10 14 36
11 12 42
11 13 31
11 14 44
12 13 80
12 14 84
13 14 77
15 112 [0, 1, 2, 3, 4, 5, 6, 7, 8, 9, 10, 11, 12, 13, 14]0 1 63
0 2 49
0 3 7
0 4 4
0 5 96
0 6 8
0 7 7
0 8 59
0 9 20
0 10 50
0 11 69
0 12 1
0 13 74
0 14 82
1 2 93
1 3 33
1 4 1
1 5 67
1 6 83
1 7 37
1 8 23
1 9 33
1 10 57
1 11 21
1 12 75
1 13 73
1 14 79
2 3 27
2 4 82
2 5 40
2 6 99
2 7 66
2 8 27
2 9 46
2 10 72
2 11 31
2 12 4
2 13 57
2 14 66
3 4 96
3 5 58
3 6 90
3 7 21
3 8 73
3 9 79
3 10 43
3 11 72
3 12 87
3 13 31
3 14 22
4 5 34
4 6 43
4 7 73
4 8 75
4 9 83
4 10 10
4 11 82
4 12 5
4 13 78
4 14 24
5 6 33
5 7 2
5 8 93
5 9 62
5 10 12
5 11 92
5 12 37
5 13 92
5 14 46
6 7 53
6 8 77
6 9 63
6 10 78
6 11 75
6 12 6
6 13 36
6 14 49
7 8 71
7 9 36
7 10 17
7 11 10
7 12 6
7 13 25
7 14 19
8 9 8
8 10 96
8 11 82
8 12 82
8 13 79
8 14 75
9 10 18
9 11 12
9 12 59
9 13 52
9 14 100
10 11 98
10 12 4
10 13 100
10 14 66
11 12 68
11 13 27
11 14 81
12 13 98
12 14 71
13 14 12
15 112 [0, 1, 2, 3, 4, 5, 6, 7, 8, 9, 10, 11, 12, 13, 14]0 1 5
0 2 3
0 3 75
0 4 47
0 5 24
0 6 29
0 7 11
0 8 84
0 9 42
0 10 18
0 11 21
0 12 9
0 13 18
0 14 59
1 2 96
1 3 99
1 4 37
1 5 70
1 6 62
1 7 78
1 8 90
1 9 22
1 10 20
1 11 65
1 12 76
1 13 58
1 14 30
2 3 16
2 4 74
2 5 16
2 6 77
2 7 79
2 8 12
2 9 18
2 10 40
2 11 22
2 12 59
2 13 71
2 14 17
3 4 47
3 5 50
3 6 19
3 7 68
3 8 67
3 9 6
3 10 97
3 11 15
3 12 2
3 13 45
3 14 3
4 5 71
4 6 10
4 7 24
4 8 67
4 9 100
4 10 45
4 11 69
4 12 62
4 13 42
4 14 7
5 6 64
5 7 73
5 8 47
5 9 88
5 10 100
5 11 42
5 12 99
5 13 35
5 14 37
6 7 99
6 8 53
6 9 13
6 10 43
6 11 39
6 12 87
6 13 97
6 14 77
7 8 81
7 9 8
7 10 7
7 11 94
7 12 99
7 13 44
7 14 27
8 9 74
8 10 17
8 11 62
8 12 55
8 13 89
8 14 26
9 10 79
9 11 38
9 12 29
9 13 3
9 14 23
10 11 84
10 12 52
10 13 23
10 14 87
11 12 69
11 13 91
11 14 51
12 13 60
12 14 19
13 14 56
15 112 [0, 1, 2, 3, 4, 5, 6, 7, 8, 9, 10, 11, 12, 13, 14]0 1 81
0 2 5
0 3 68
0 4 97
0 5 44
0 6 31
0 7 27
0 8 73
0 9 75
0 10 63
0 11 86
0 12 36
0 13 47
0 14 95
1 2 22
1 3 7
1 4 48
1 5 30
1 6 5
1 7 21
1 8 50
1 9 63
1 10 85
1 11 78
1 12 67
1 13 92
1 14 82
2 3 73
2 4 36
2 5 3
2 6 74
2 7 4
2 8 22
2 9 9
2 10 38
2 11 63
2 12 51
2 13 39
2 14 92
3 4 35
3 5 79
3 6 88
3 7 89
3 8 56
3 9 94
3 10 13
3 11 94
3 12 100
3 13 94
3 14 86
4 5 50
4 6 5
4 7 23
4 8 69
4 9 32
4 10 98
4 11 51
4 12 66
4 13 18
4 14 55
5 6 70
5 7 91
5 8 28
5 9 99
5 10 48
5 11 29
5 12 7
5 13 31
5 14 31
6 7 79
6 8 46
6 9 62
6 10 26
6 11 95
6 12 53
6 13 68
6 14 59
7 8 43
7 9 82
7 10 69
7 11 70
7 12 45
7 13 91
7 14 40
8 9 9
8 10 60
8 11 18
8 12 32
8 13 10
8 14 18
9 10 60
9 11 17
9 12 96
9 13 86
9 14 95
10 11 75
10 12 87
10 13 70
10 14 96
11 12 86
11 13 46
11 14 52
12 13 99
12 14 57
13 14 38
15 112 [0, 1, 2, 3, 4, 5, 6, 7, 8, 9, 10, 11, 12, 13, 14]0 1 81
0 2 53
0 3 91
0 4 19
0 5 91
0 6 82
0 7 22
0 8 1
0 9 15
0 10 16
0 11 23
0 12 67
0 13 17
0 14 43
1 2 65
1 3 73
1 4 36
1 5 86
1 6 42
1 7 30
1 8 63
1 9 88
1 10 65
1 11 53
1 12 99
1 13 11
1 14 28
2 3 1
2 4 42
2 5 33
2 6 1
2 7 52
2 8 76
2 9 56
2 10 23
2 11 7
2 12 74
2 13 79
2 14 49
3 4 4
3 5 79
3 6 45
3 7 90
3 8 53
3 9 29
3 10 91
3 11 37
3 12 29
3 13 53
3 14 36
4 5 48
4 6 83
4 7 4
4 8 99
4 9 72
4 10 40
4 11 64
4 12 81
4 13 37
4 14 79
5 6 71
5 7 22
5 8 40
5 9 14
5 10 63
5 11 58
5 12 99
5 13 91
5 14 23
6 7 37
6 8 28
6 9 37
6 10 33
6 11 16
6 12 79
6 13 64
6 14 17
7 8 74
7 9 8
7 10 49
7 11 40
7 12 92
7 13 7
7 14 51
8 9 75
8 10 61
8 11 74
8 12 99
8 13 11
8 14 93
9 10 46
9 11 56
9 12 60
9 13 31
9 14 42
10 11 71
10 12 89
10 13 31
10 14 4
11 12 2
11 13 17
11 14 87
12 13 56
12 14 31
13 14 79
15 112 [0, 1, 2, 3, 4, 5, 6, 7, 8, 9, 10, 11, 12, 13, 14]0 1 25
0 2 5
0 3 93
0 4 73
0 5 22
0 6 79
0 7 54
0 8 70
0 9 1
0 10 66
0 11 59
0 12 65
0 13 42
0 14 13
1 2 3
1 3 75
1 4 64
1 5 5
1 6 82
1 7 96
1 8 16
1 9 20
1 10 40
1 11 1
1 12 84
1 13 15
1 14 72
2 3 34
2 4 91
2 5 5
2 6 42
2 7 51
2 8 70
2 9 31
2 10 66
2 11 63
2 12 60
2 13 33
2 14 44
3 4 50
3 5 99
3 6 41
3 7 93
3 8 19
3 9 94
3 10 19
3 11 59
3 12 19
3 13 62
3 14 80
4 5 56
4 6 34
4 7 100
4 8 60
4 9 80
4 10 38
4 11 56
4 12 49
4 13 61
4 14 76
5 6 32
5 7 93
5 8 29
5 9 99
5 10 30
5 11 38
5 12 51
5 13 32
5 14 81
6 7 84
6 8 32
6 9 84
6 10 69
6 11 39
6 12 71
6 13 67
6 14 72
7 8 49
7 9 15
7 10 83
7 11 42
7 12 88
7 13 62
7 14 41
8 9 85
8 10 88
8 11 79
8 12 46
8 13 33
8 14 12
9 10 95
9 11 25
9 12 67
9 13 80
9 14 71
10 11 90
10 12 43
10 13 81
10 14 39
11 12 14
11 13 86
11 14 61
12 13 74
12 14 77
13 14 91
15 112 [0, 1, 2, 3, 4, 5, 6, 7, 8, 9, 10, 11, 12, 13, 14]0 1 3
0 2 16
0 3 41
0 4 17
0 5 49
0 6 24
0 7 65
0 8 77
0 9 81
0 10 88
0 11 50
0 12 2
0 13 53
0 14 7
1 2 1
1 3 22
1 4 5
1 5 10
1 6 59
1 7 35
1 8 12
1 9 70
1 10 24
1 11 45
1 12 28
1 13 56
1 14 41
2 3 17
2 4 34
2 5 18
2 6 6
2 7 21
2 8 100
2 9 2
2 10 13
2 11 27
2 12 2
2 13 54
2 14 5
3 4 39
3 5 98
3 6 55
3 7 91
3 8 50
3 9 95
3 10 17
3 11 88
3 12 46
3 13 50
3 14 62
4 5 11
4 6 70
4 7 84
4 8 84
4 9 95
4 10 45
4 11 33
4 12 98
4 13 37
4 14 18
5 6 25
5 7 27
5 8 36
5 9 43
5 10 79
5 11 49
5 12 85
5 13 63
5 14 23
6 7 48
6 8 69
6 9 6
6 10 29
6 11 39
6 12 55
6 13 25
6 14 35
7 8 60
7 9 84
7 10 19
7 11 66
7 12 11
7 13 14
7 14 95
8 9 100
8 10 87
8 11 46
8 12 18
8 13 27
8 14 24
9 10 13
9 11 49
9 12 14
9 13 74
9 14 36
10 11 78
10 12 83
10 13 49
10 14 95
11 12 7
11 13 74
11 14 31
12 13 23
12 14 56
13 14 29
15 112 [0, 1, 2, 3, 4, 5, 6, 7, 8, 9, 10, 11, 12, 13, 14]0 1 67
0 2 17
0 3 13
0 4 51
0 5 25
0 6 71
0 7 62
0 8 57
0 9 77
0 10 14
0 11 8
0 12 12
0 13 86
0 14 78
1 2 28
1 3 37
1 4 34
1 5 47
1 6 44
1 7 47
1 8 63
1 9 65
1 10 79
1 11 31
1 12 42
1 13 82
1 14 87
2 3 50
2 4 10
2 5 18
2 6 17
2 7 36
2 8 60
2 9 48
2 10 78
2 11 16
2 12 34
2 13 6
2 14 20
3 4 94
3 5 23
3 6 64
3 7 82
3 8 63
3 9 24
3 10 50
3 11 88
3 12 28
3 13 94
3 14 16
4 5 9
4 6 41
4 7 57
4 8 46
4 9 81
4 10 10
4 11 56
4 12 10
4 13 59
4 14 42
5 6 53
5 7 15
5 8 27
5 9 34
5 10 8
5 11 9
5 12 77
5 13 29
5 14 51
6 7 57
6 8 97
6 9 53
6 10 90
6 11 58
6 12 61
6 13 27
6 14 47
7 8 24
7 9 22
7 10 54
7 11 27
7 12 96
7 13 3
7 14 94
8 9 74
8 10 7
8 11 14
8 12 59
8 13 48
8 14 49
9 10 77
9 11 3
9 12 74
9 13 98
9 14 21
10 11 69
10 12 73
10 13 4
10 14 61
11 12 35
11 13 10
11 14 12
12 13 83
12 14 38
13 14 92
15 112 [0, 1, 2, 3, 4, 5, 6, 7, 8, 9, 10, 11, 12, 13, 14]0 1 33
0 2 18
0 3 48
0 4 25
0 5 66
0 6 62
0 7 64
0 8 91
0 9 86
0 10 8
0 11 28
0 12 32
0 13 85
0 14 9
1 2 1
1 3 22
1 4 35
1 5 92
1 6 40
1 7 98
1 8 98
1 9 36
1 10 24
1 11 29
1 12 9
1 13 72
1 14 44
2 3 17
2 4 25
2 5 52
2 6 94
2 7 5
2 8 22
2 9 97
2 10 98
2 11 85
2 12 76
2 13 87
2 14 94
3 4 8
3 5 36
3 6 87
3 7 65
3 8 67
3 9 31
3 10 22
3 11 29
3 12 36
3 13 47
3 14 87
4 5 11
4 6 2
4 7 73
4 8 19
4 9 84
4 10 92
4 11 4
4 12 41
4 13 22
4 14 28
5 6 16
5 7 88
5 8 10
5 9 22
5 10 90
5 11 77
5 12 10
5 13 40
5 14 75
6 7 74
6 8 94
6 9 71
6 10 37
6 11 90
6 12 19
6 13 1
6 14 99
7 8 82
7 9 10
7 10 89
7 11 55
7 12 8
7 13 25
7 14 91
8 9 34
8 10 44
8 11 40
8 12 47
8 13 17
8 14 51
9 10 32
9 11 55
9 12 92
9 13 54
9 14 25
10 11 80
10 12 84
10 13 97
10 14 36
11 12 89
11 13 58
11 14 12
12 13 73
12 14 34
13 14 94
15 112 [0, 1, 2, 3, 4, 5, 6, 7, 8, 9, 10, 11, 12, 13, 14]0 1 21
0 2 70
0 3 64
0 4 21
0 5 5
0 6 15
0 7 5
0 8 58
0 9 84
0 10 94
0 11 82
0 12 29
0 13 96
0 14 19
1 2 22
1 3 48
1 4 23
1 5 100
1 6 65
1 7 52
1 8 87
1 9 95
1 10 14
1 11 80
1 12 78
1 13 5
1 14 89
2 3 46
2 4 73
2 5 84
2 6 53
2 7 80
2 8 7
2 9 11
2 10 99
2 11 69
2 12 75
2 13 49
2 14 13
3 4 40
3 5 12
3 6 77
3 7 98
3 8 41
3 9 29
3 10 68
3 11 37
3 12 6
3 13 71
3 14 62
4 5 93
4 6 36
4 7 97
4 8 92
4 9 4
4 10 47
4 11 62
4 12 68
4 13 95
4 14 11
5 6 96
5 7 88
5 8 53
5 9 56
5 10 38
5 11 41
5 12 71
5 13 61
5 14 54
6 7 86
6 8 23
6 9 35
6 10 53
6 11 30
6 12 22
6 13 76
6 14 81
7 8 50
7 9 42
7 10 6
7 11 58
7 12 98
7 13 5
7 14 56
8 9 16
8 10 71
8 11 89
8 12 36
8 13 84
8 14 10
9 10 43
9 11 76
9 12 15
9 13 91
9 14 33
10 11 66
10 12 47
10 13 4
10 14 76
11 12 78
11 13 2
11 14 21
12 13 71
12 14 95
13 14 86
15 112 [0, 1, 2, 3, 4, 5, 6, 7, 8, 9, 10, 11, 12, 13, 14]0 1 62
0 2 37
0 3 35
0 4 89
0 5 61
0 6 28
0 7 73
0 8 20
0 9 34
0 10 71
0 11 16
0 12 42
0 13 41
0 14 58
1 2 47
1 3 91
1 4 89
1 5 27
1 6 69
1 7 85
1 8 56
1 9 61
1 10 27
1 11 82
1 12 23
1 13 75
1 14 9
2 3 35
2 4 14
2 5 70
2 6 37
2 7 5
2 8 23
2 9 27
2 10 11
2 11 16
2 12 17
2 13 72
2 14 75
3 4 71
3 5 59
3 6 6
3 7 80
3 8 7
3 9 31
3 10 41
3 11 68
3 12 47
3 13 37
3 14 22
4 5 57
4 6 60
4 7 82
4 8 49
4 9 65
4 10 98
4 11 30
4 12 68
4 13 81
4 14 33
5 6 90
5 7 78
5 8 85
5 9 63
5 10 63
5 11 24
5 12 45
5 13 48
5 14 48
6 7 98
6 8 3
6 9 82
6 10 53
6 11 57
6 12 15
6 13 41
6 14 20
7 8 16
7 9 28
7 10 56
7 11 91
7 12 73
7 13 36
7 14 13
8 9 63
8 10 75
8 11 56
8 12 84
8 13 71
8 14 85
9 10 4
9 11 1
9 12 18
9 13 62
9 14 94
10 11 34
10 12 16
10 13 60
10 14 79
11 12 98
11 13 40
11 14 11
12 13 79
12 14 96
13 14 62
15 112 [0, 1, 2, 3, 4, 5, 6, 7, 8, 9, 10, 11, 12, 13, 14]0 1 72
0 2 35
0 3 10
0 4 21
0 5 73
0 6 58
0 7 76
0 8 96
0 9 37
0 10 24
0 11 26
0 12 74
0 13 30
0 14 100
1 2 52
1 3 41
1 4 41
1 5 87
1 6 92
1 7 19
1 8 16
1 9 9
1 10 20
1 11 30
1 12 12
1 13 65
1 14 88
2 3 67
2 4 73
2 5 12
2 6 13
2 7 21
2 8 46
2 9 31
2 10 78
2 11 30
2 12 64
2 13 94
2 14 31
3 4 8
3 5 67
3 6 81
3 7 71
3 8 6
3 9 68
3 10 20
3 11 40
3 12 17
3 13 14
3 14 35
4 5 25
4 6 56
4 7 37
4 8 37
4 9 53
4 10 48
4 11 61
4 12 42
4 13 27
4 14 54
5 6 10
5 7 61
5 8 80
5 9 79
5 10 63
5 11 86
5 12 15
5 13 97
5 14 58
6 7 52
6 8 39
6 9 34
6 10 66
6 11 96
6 12 54
6 13 25
6 14 8
7 8 87
7 9 20
7 10 2
7 11 34
7 12 41
7 13 98
7 14 94
8 9 96
8 10 84
8 11 92
8 12 19
8 13 20
8 14 12
9 10 80
9 11 93
9 12 93
9 13 76
9 14 37
10 11 91
10 12 41
10 13 67
10 14 50
11 12 15
11 13 37
11 14 27
12 13 29
12 14 7
13 14 82
15 112 [0, 1, 2, 3, 4, 5, 6, 7, 8, 9, 10, 11, 12, 13, 14]0 1 58
0 2 58
0 3 76
0 4 69
0 5 9
0 6 9
0 7 42
0 8 100
0 9 54
0 10 14
0 11 57
0 12 30
0 13 67
0 14 58
1 2 75
1 3 88
1 4 32
1 5 28
1 6 16
1 7 40
1 8 11
1 9 62
1 10 64
1 11 35
1 12 58
1 13 39
1 14 84
2 3 11
2 4 35
2 5 93
2 6 63
2 7 21
2 8 38
2 9 34
2 10 29
2 11 85
2 12 6
2 13 98
2 14 33
3 4 48
3 5 29
3 6 73
3 7 24
3 8 77
3 9 86
3 10 73
3 11 11
3 12 91
3 13 21
3 14 66
4 5 84
4 6 58
4 7 22
4 8 2
4 9 71
4 10 49
4 11 60
4 12 17
4 13 15
4 14 14
5 6 84
5 7 70
5 8 11
5 9 30
5 10 99
5 11 21
5 12 30
5 13 100
5 14 8
6 7 38
6 8 16
6 9 93
6 10 31
6 11 17
6 12 48
6 13 41
6 14 78
7 8 100
7 9 55
7 10 55
7 11 62
7 12 21
7 13 41
7 14 69
8 9 55
8 10 11
8 11 97
8 12 4
8 13 24
8 14 72
9 10 42
9 11 86
9 12 26
9 13 68
9 14 49
10 11 60
10 12 12
10 13 56
10 14 34
11 12 1
11 13 83
11 14 6
12 13 85
12 14 47
13 14 29
15 112 [0, 1, 2, 3, 4, 5, 6, 7, 8, 9, 10, 11, 12, 13, 14]0 1 74
0 2 79
0 3 79
0 4 55
0 5 19
0 6 58
0 7 16
0 8 72
0 9 40
0 10 92
0 11 62
0 12 90
0 13 80
0 14 60
1 2 92
1 3 44
1 4 3
1 5 42
1 6 86
1 7 79
1 8 15
1 9 98
1 10 22
1 11 49
1 12 9
1 13 83
1 14 79
2 3 74
2 4 92
2 5 79
2 6 94
2 7 24
2 8 10
2 9 94
2 10 90
2 11 59
2 12 96
2 13 17
2 14 1
3 4 60
3 5 97
3 6 22
3 7 63
3 8 82
3 9 82
3 10 90
3 11 53
3 12 93
3 13 82
3 14 40
4 5 6
4 6 32
4 7 39
4 8 15
4 9 35
4 10 9
4 11 65
4 12 62
4 13 64
4 14 33
5 6 98
5 7 26
5 8 98
5 9 62
5 10 35
5 11 65
5 12 1
5 13 22
5 14 4
6 7 90
6 8 33
6 9 13
6 10 20
6 11 54
6 12 50
6 13 70
6 14 45
7 8 57
7 9 18
7 10 3
7 11 1
7 12 8
7 13 55
7 14 27
8 9 92
8 10 30
8 11 2
8 12 6
8 13 22
8 14 46
9 10 32
9 11 35
9 12 25
9 13 33
9 14 28
10 11 10
10 12 97
10 13 88
10 14 67
11 12 32
11 13 11
11 14 61
12 13 77
12 14 75
13 14 27
15 112 [0, 1, 2, 3, 4, 5, 6, 7, 8, 9, 10, 11, 12, 13, 14]0 1 77
0 2 52
0 3 3
0 4 45
0 5 9
0 6 40
0 7 75
0 8 43
0 9 71
0 10 62
0 11 61
0 12 89
0 13 16
0 14 76
1 2 62
1 3 59
1 4 5
1 5 5
1 6 44
1 7 33
1 8 84
1 9 52
1 10 76
1 11 67
1 12 63
1 13 90
1 14 76
2 3 75
2 4 20
2 5 100
2 6 51
2 7 83
2 8 46
2 9 72
2 10 87
2 11 97
2 12 73
2 13 67
2 14 38
3 4 65
3 5 100
3 6 64
3 7 99
3 8 66
3 9 85
3 10 25
3 11 70
3 12 19
3 13 29
3 14 8
4 5 85
4 6 28
4 7 34
4 8 99
4 9 41
4 10 61
4 11 10
4 12 72
4 13 57
4 14 55
5 6 46
5 7 82
5 8 92
5 9 37
5 10 30
5 11 59
5 12 3
5 13 60
5 14 28
6 7 97
6 8 7
6 9 36
6 10 2
6 11 75
6 12 87
6 13 47
6 14 46
7 8 47
7 9 48
7 10 97
7 11 27
7 12 62
7 13 29
7 14 93
8 9 23
8 10 50
8 11 63
8 12 43
8 13 12
8 14 68
9 10 25
9 11 75
9 12 37
9 13 73
9 14 18
10 11 38
10 12 47
10 13 4
10 14 32
11 12 87
11 13 46
11 14 87
12 13 16
12 14 53
13 14 78
15 112 [0, 1, 2, 3, 4, 5, 6, 7, 8, 9, 10, 11, 12, 13, 14]0 1 71
0 2 84
0 3 27
0 4 77
0 5 90
0 6 76
0 7 45
0 8 70
0 9 92
0 10 45
0 11 52
0 12 36
0 13 8
0 14 21
1 2 74
1 3 31
1 4 54
1 5 56
1 6 67
1 7 19
1 8 19
1 9 9
1 10 74
1 11 84
1 12 15
1 13 89
1 14 57
2 3 34
2 4 47
2 5 87
2 6 98
2 7 80
2 8 38
2 9 7
2 10 12
2 11 4
2 12 69
2 13 9
2 14 58
3 4 19
3 5 55
3 6 26
3 7 5
3 8 77
3 9 95
3 10 98
3 11 16
3 12 45
3 13 65
3 14 93
4 5 62
4 6 82
4 7 74
4 8 7
4 9 63
4 10 1
4 11 90
4 12 44
4 13 2
4 14 13
5 6 21
5 7 81
5 8 33
5 9 75
5 10 67
5 11 47
5 12 84
5 13 29
5 14 54
6 7 57
6 8 54
6 9 31
6 10 6
6 11 72
6 12 64
6 13 47
6 14 86
7 8 85
7 9 16
7 10 38
7 11 98
7 12 71
7 13 26
7 14 40
8 9 39
8 10 100
8 11 41
8 12 66
8 13 83
8 14 64
9 10 93
9 11 67
9 12 38
9 13 58
9 14 58
10 11 66
10 12 34
10 13 66
10 14 12
11 12 18
11 13 40
11 14 29
12 13 35
12 14 80
13 14 1
15 112 [0, 1, 2, 3, 4, 5, 6, 7, 8, 9, 10, 11, 12, 13, 14]0 1 96
0 2 28
0 3 52
0 4 22
0 5 98
0 6 73
0 7 55
0 8 54
0 9 80
0 10 57
0 11 96
0 12 13
0 13 89
0 14 37
1 2 90
1 3 85
1 4 9
1 5 69
1 6 7
1 7 64
1 8 41
1 9 39
1 10 12
1 11 86
1 12 6
1 13 61
1 14 63
2 3 52
2 4 98
2 5 91
2 6 67
2 7 7
2 8 72
2 9 55
2 10 39
2 11 62
2 12 25
2 13 10
2 14 52
3 4 55
3 5 43
3 6 50
3 7 18
3 8 11
3 9 21
3 10 69
3 11 37
3 12 70
3 13 41
3 14 53
4 5 38
4 6 25
4 7 75
4 8 25
4 9 41
4 10 9
4 11 19
4 12 97
4 13 12
4 14 73
5 6 79
5 7 9
5 8 14
5 9 58
5 10 67
5 11 83
5 12 17
5 13 70
5 14 7
6 7 21
6 8 40
6 9 3
6 10 57
6 11 62
6 12 7
6 13 10
6 14 25
7 8 31
7 9 40
7 10 32
7 11 67
7 12 39
7 13 44
7 14 21
8 9 50
8 10 78
8 11 45
8 12 87
8 13 19
8 14 77
9 10 26
9 11 84
9 12 8
9 13 27
9 14 33
10 11 36
10 12 14
10 13 18
10 14 17
11 12 23
11 13 67
11 14 49
12 13 32
12 14 42
13 14 91
15 112 [0, 1, 2, 3, 4, 5, 6, 7, 8, 9, 10, 11, 12, 13, 14]0 1 11
0 2 28
0 3 99
0 4 12
0 5 82
0 6 98
0 7 63
0 8 40
0 9 73
0 10 87
0 11 93
0 12 34
0 13 60
0 14 80
1 2 46
1 3 11
1 4 16
1 5 71
1 6 23
1 7 32
1 8 99
1 9 50
1 10 77
1 11 18
1 12 86
1 13 87
1 14 87
2 3 97
2 4 87
2 5 85
2 6 44
2 7 62
2 8 22
2 9 90
2 10 82
2 11 17
2 12 77
2 13 49
2 14 71
3 4 90
3 5 78
3 6 70
3 7 12
3 8 35
3 9 33
3 10 93
3 11 62
3 12 88
3 13 91
3 14 2
4 5 14
4 6 20
4 7 45
4 8 31
4 9 99
4 10 70
4 11 25
4 12 54
4 13 51
4 14 7
5 6 76
5 7 86
5 8 41
5 9 8
5 10 53
5 11 84
5 12 66
5 13 38
5 14 56
6 7 26
6 8 40
6 9 56
6 10 37
6 11 56
6 12 47
6 13 25
6 14 70
7 8 71
7 9 57
7 10 1
7 11 22
7 12 22
7 13 21
7 14 38
8 9 46
8 10 36
8 11 86
8 12 52
8 13 72
8 14 38
9 10 69
9 11 13
9 12 52
9 13 23
9 14 78
10 11 31
10 12 26
10 13 6
10 14 99
11 12 72
11 13 75
11 14 21
12 13 86
12 14 47
13 14 99
15 112 [0, 1, 2, 3, 4, 5, 6, 7, 8, 9, 10, 11, 12, 13, 14]0 1 41
0 2 10
0 3 72
0 4 70
0 5 86
0 6 90
0 7 47
0 8 42
0 9 43
0 10 35
0 11 44
0 12 1
0 13 4
0 14 72
1 2 58
1 3 11
1 4 91
1 5 65
1 6 55
1 7 94
1 8 46
1 9 85
1 10 71
1 11 72
1 12 93
1 13 37
1 14 48
2 3 33
2 4 83
2 5 96
2 6 16
2 7 80
2 8 70
2 9 35
2 10 65
2 11 96
2 12 53
2 13 47
2 14 81
3 4 60
3 5 88
3 6 83
3 7 23
3 8 38
3 9 76
3 10 16
3 11 68
3 12 86
3 13 10
3 14 9
4 5 81
4 6 4
4 7 10
4 8 68
4 9 5
4 10 55
4 11 46
4 12 34
4 13 46
4 14 91
5 6 64
5 7 43
5 8 20
5 9 67
5 10 39
5 11 81
5 12 71
5 13 65
5 14 19
6 7 53
6 8 60
6 9 19
6 10 23
6 11 88
6 12 3
6 13 47
6 14 13
7 8 73
7 9 69
7 10 46
7 11 87
7 12 3
7 13 16
7 14 16
8 9 61
8 10 31
8 11 25
8 12 54
8 13 30
8 14 86
9 10 79
9 11 61
9 12 72
9 13 87
9 14 27
10 11 61
10 12 18
10 13 83
10 14 48
11 12 5
11 13 18
11 14 39
12 13 58
12 14 85
13 14 70
15 112 [0, 1, 2, 3, 4, 5, 6, 7, 8, 9, 10, 11, 12, 13, 14]0 1 91
0 2 64
0 3 97
0 4 82
0 5 40
0 6 36
0 7 33
0 8 53
0 9 15
0 10 24
0 11 76
0 12 92
0 13 32
0 14 22
1 2 5
1 3 33
1 4 68
1 5 81
1 6 4
1 7 5
1 8 97
1 9 71
1 10 68
1 11 61
1 12 1
1 13 41
1 14 45
2 3 39
2 4 91
2 5 72
2 6 79
2 7 55
2 8 85
2 9 45
2 10 1
2 11 95
2 12 7
2 13 51
2 14 83
3 4 99
3 5 18
3 6 80
3 7 69
3 8 94
3 9 79
3 10 59
3 11 87
3 12 15
3 13 93
3 14 52
4 5 100
4 6 13
4 7 16
4 8 52
4 9 82
4 10 27
4 11 49
4 12 64
4 13 83
4 14 11
5 6 33
5 7 77
5 8 74
5 9 63
5 10 11
5 11 57
5 12 41
5 13 55
5 14 14
6 7 54
6 8 24
6 9 29
6 10 2
6 11 32
6 12 94
6 13 52
6 14 74
7 8 36
7 9 77
7 10 42
7 11 59
7 12 83
7 13 55
7 14 68
8 9 63
8 10 3
8 11 45
8 12 70
8 13 56
8 14 6
9 10 56
9 11 82
9 12 55
9 13 96
9 14 53
10 11 100
10 12 67
10 13 66
10 14 56
11 12 8
11 13 28
11 14 47
12 13 13
12 14 96
13 14 17
15 112 [0, 1, 2, 3, 4, 5, 6, 7, 8, 9, 10, 11, 12, 13, 14]0 1 50
0 2 16
0 3 40
0 4 56
0 5 43
0 6 85
0 7 73
0 8 71
0 9 43
0 10 78
0 11 55
0 12 13
0 13 89
0 14 71
1 2 72
1 3 68
1 4 92
1 5 64
1 6 92
1 7 83
1 8 14
1 9 17
1 10 39
1 11 94
1 12 92
1 13 96
1 14 67
2 3 62
2 4 26
2 5 27
2 6 25
2 7 1
2 8 96
2 9 58
2 10 79
2 11 33
2 12 18
2 13 79
2 14 26
3 4 94
3 5 47
3 6 79
3 7 52
3 8 32
3 9 91
3 10 81
3 11 97
3 12 41
3 13 59
3 14 39
4 5 18
4 6 4
4 7 52
4 8 43
4 9 99
4 10 62
4 11 19
4 12 98
4 13 82
4 14 100
5 6 38
5 7 74
5 8 66
5 9 64
5 10 82
5 11 12
5 12 99
5 13 85
5 14 3
6 7 99
6 8 98
6 9 95
6 10 89
6 11 67
6 12 19
6 13 48
6 14 28
7 8 67
7 9 92
7 10 27
7 11 29
7 12 24
7 13 26
7 14 56
8 9 87
8 10 96
8 11 53
8 12 79
8 13 99
8 14 82
9 10 15
9 11 45
9 12 29
9 13 1
9 14 97
10 11 52
10 12 79
10 13 24
10 14 30
11 12 10
11 13 45
11 14 2
12 13 53
12 14 90
13 14 93
15 112 [0, 1, 2, 3, 4, 5, 6, 7, 8, 9, 10, 11, 12, 13, 14]0 1 68
0 2 51
0 3 24
0 4 92
0 5 30
0 6 55
0 7 6
0 8 96
0 9 8
0 10 13
0 11 2
0 12 46
0 13 36
0 14 52
1 2 16
1 3 3
1 4 86
1 5 9
1 6 29
1 7 94
1 8 3
1 9 81
1 10 56
1 11 68
1 12 6
1 13 59
1 14 96
2 3 22
2 4 24
2 5 96
2 6 20
2 7 3
2 8 52
2 9 15
2 10 29
2 11 9
2 12 8
2 13 47
2 14 96
3 4 77
3 5 85
3 6 67
3 7 54
3 8 34
3 9 32
3 10 26
3 11 91
3 12 87
3 13 7
3 14 81
4 5 98
4 6 57
4 7 1
4 8 19
4 9 58
4 10 95
4 11 36
4 12 60
4 13 1
4 14 19
5 6 80
5 7 93
5 8 100
5 9 85
5 10 92
5 11 55
5 12 73
5 13 47
5 14 52
6 7 12
6 8 76
6 9 74
6 10 35
6 11 71
6 12 54
6 13 35
6 14 14
7 8 48
7 9 25
7 10 55
7 11 96
7 12 55
7 13 29
7 14 88
8 9 26
8 10 42
8 11 7
8 12 5
8 13 49
8 14 87
9 10 59
9 11 22
9 12 15
9 13 74
9 14 35
10 11 72
10 12 11
10 13 47
10 14 47
11 12 38
11 13 46
11 14 14
12 13 60
12 14 96
13 14 49
15 112 [0, 1, 2, 3, 4, 5, 6, 7, 8, 9, 10, 11, 12, 13, 14]0 1 97
0 2 38
0 3 25
0 4 80
0 5 67
0 6 2
0 7 12
0 8 9
0 9 33
0 10 15
0 11 58
0 12 99
0 13 83
0 14 20
1 2 39
1 3 25
1 4 11
1 5 22
1 6 1
1 7 89
1 8 40
1 9 40
1 10 69
1 11 1
1 12 73
1 13 9
1 14 81
2 3 58
2 4 26
2 5 81
2 6 37
2 7 68
2 8 42
2 9 86
2 10 41
2 11 85
2 12 62
2 13 30
2 14 92
3 4 9
3 5 47
3 6 61
3 7 63
3 8 98
3 9 82
3 10 82
3 11 11
3 12 56
3 13 16
3 14 84
4 5 25
4 6 84
4 7 18
4 8 51
4 9 81
4 10 3
4 11 64
4 12 35
4 13 81
4 14 100
5 6 51
5 7 7
5 8 74
5 9 98
5 10 46
5 11 74
5 12 46
5 13 19
5 14 92
6 7 20
6 8 51
6 9 82
6 10 62
6 11 67
6 12 73
6 13 68
6 14 91
7 8 10
7 9 13
7 10 76
7 11 52
7 12 86
7 13 18
7 14 1
8 9 73
8 10 93
8 11 13
8 12 10
8 13 5
8 14 98
9 10 40
9 11 90
9 12 2
9 13 12
9 14 79
10 11 78
10 12 29
10 13 95
10 14 16
11 12 85
11 13 14
11 14 96
12 13 34
12 14 30
13 14 43
15 112 [0, 1, 2, 3, 4, 5, 6, 7, 8, 9, 10, 11, 12, 13, 14]0 1 16
0 2 47
0 3 10
0 4 12
0 5 100
0 6 95
0 7 91
0 8 46
0 9 78
0 10 66
0 11 97
0 12 22
0 13 9
0 14 50
1 2 76
1 3 99
1 4 47
1 5 46
1 6 10
1 7 33
1 8 42
1 9 39
1 10 89
1 11 39
1 12 55
1 13 89
1 14 18
2 3 100
2 4 11
2 5 21
2 6 44
2 7 84
2 8 32
2 9 71
2 10 2
2 11 91
2 12 59
2 13 96
2 14 44
3 4 12
3 5 21
3 6 99
3 7 38
3 8 97
3 9 25
3 10 81
3 11 6
3 12 45
3 13 12
3 14 49
4 5 38
4 6 7
4 7 68
4 8 87
4 9 72
4 10 51
4 11 22
4 12 86
4 13 63
4 14 49
5 6 45
5 7 54
5 8 28
5 9 100
5 10 32
5 11 81
5 12 66
5 13 69
5 14 18
6 7 22
6 8 54
6 9 8
6 10 9
6 11 22
6 12 93
6 13 41
6 14 91
7 8 99
7 9 32
7 10 54
7 11 70
7 12 5
7 13 24
7 14 99
8 9 27
8 10 41
8 11 24
8 12 9
8 13 32
8 14 66
9 10 92
9 11 73
9 12 83
9 13 35
9 14 40
10 11 5
10 12 85
10 13 55
10 14 33
11 12 10
11 13 18
11 14 11
12 13 78
12 14 54
13 14 14
15 112 [0, 1, 2, 3, 4, 5, 6, 7, 8, 9, 10, 11, 12, 13, 14]0 1 15
0 2 96
0 3 48
0 4 17
0 5 63
0 6 50
0 7 13
0 8 63
0 9 91
0 10 56
0 11 38
0 12 67
0 13 34
0 14 1
1 2 93
1 3 14
1 4 78
1 5 41
1 6 58
1 7 35
1 8 23
1 9 26
1 10 95
1 11 85
1 12 21
1 13 48
1 14 68
2 3 57
2 4 52
2 5 68
2 6 53
2 7 7
2 8 96
2 9 10
2 10 54
2 11 53
2 12 4
2 13 56
2 14 70
3 4 86
3 5 96
3 6 40
3 7 12
3 8 39
3 9 4
3 10 10
3 11 61
3 12 66
3 13 42
3 14 96
4 5 50
4 6 49
4 7 71
4 8 62
4 9 91
4 10 17
4 11 66
4 12 72
4 13 47
4 14 73
5 6 29
5 7 21
5 8 90
5 9 96
5 10 57
5 11 19
5 12 25
5 13 85
5 14 69
6 7 44
6 8 34
6 9 68
6 10 87
6 11 67
6 12 9
6 13 47
6 14 18
7 8 37
7 9 54
7 10 68
7 11 37
7 12 77
7 13 91
7 14 93
8 9 9
8 10 95
8 11 66
8 12 68
8 13 70
8 14 76
9 10 31
9 11 27
9 12 9
9 13 39
9 14 3
10 11 82
10 12 9
10 13 62
10 14 11
11 12 78
11 13 75
11 14 27
12 13 21
12 14 25
13 14 26
15 112 [0, 1, 2, 3, 4, 5, 6, 7, 8, 9, 10, 11, 12, 13, 14]0 1 37
0 2 59
0 3 43
0 4 57
0 5 61
0 6 3
0 7 18
0 8 2
0 9 17
0 10 91
0 11 53
0 12 21
0 13 21
0 14 21
1 2 80
1 3 21
1 4 90
1 5 95
1 6 60
1 7 17
1 8 87
1 9 91
1 10 33
1 11 15
1 12 55
1 13 76
1 14 75
2 3 13
2 4 53
2 5 47
2 6 67
2 7 92
2 8 40
2 9 77
2 10 93
2 11 61
2 12 95
2 13 70
2 14 62
3 4 3
3 5 61
3 6 6
3 7 99
3 8 27
3 9 72
3 10 65
3 11 3
3 12 23
3 13 47
3 14 74
4 5 85
4 6 83
4 7 82
4 8 12
4 9 26
4 10 14
4 11 80
4 12 14
4 13 37
4 14 81
5 6 29
5 7 29
5 8 75
5 9 11
5 10 6
5 11 43
5 12 34
5 13 66
5 14 46
6 7 44
6 8 32
6 9 76
6 10 28
6 11 11
6 12 3
6 13 41
6 14 94
7 8 81
7 9 5
7 10 76
7 11 40
7 12 74
7 13 49
7 14 62
8 9 28
8 10 31
8 11 88
8 12 88
8 13 81
8 14 77
9 10 45
9 11 29
9 12 29
9 13 10
9 14 4
10 11 98
10 12 53
10 13 88
10 14 34
11 12 3
11 13 18
11 14 96
12 13 53
12 14 55
13 14 48
15 112 [0, 1, 2, 3, 4, 5, 6, 7, 8, 9, 10, 11, 12, 13, 14]0 1 50
0 2 66
0 3 70
0 4 64
0 5 5
0 6 34
0 7 48
0 8 61
0 9 32
0 10 3
0 11 98
0 12 22
0 13 1
0 14 74
1 2 46
1 3 75
1 4 18
1 5 19
1 6 23
1 7 80
1 8 6
1 9 60
1 10 67
1 11 45
1 12 26
1 13 48
1 14 50
2 3 82
2 4 65
2 5 19
2 6 17
2 7 43
2 8 39
2 9 11
2 10 95
2 11 56
2 12 82
2 13 30
2 14 83
3 4 78
3 5 11
3 6 67
3 7 22
3 8 86
3 9 90
3 10 92
3 11 34
3 12 59
3 13 49
3 14 69
4 5 95
4 6 53
4 7 81
4 8 44
4 9 66
4 10 88
4 11 4
4 12 35
4 13 53
4 14 19
5 6 59
5 7 41
5 8 37
5 9 83
5 10 25
5 11 41
5 12 43
5 13 86
5 14 67
6 7 52
6 8 93
6 9 3
6 10 73
6 11 15
6 12 25
6 13 47
6 14 59
7 8 67
7 9 8
7 10 41
7 11 3
7 12 99
7 13 68
7 14 80
8 9 70
8 10 65
8 11 29
8 12 36
8 13 79
8 14 33
9 10 88
9 11 58
9 12 85
9 13 38
9 14 87
10 11 66
10 12 84
10 13 69
10 14 63
11 12 22
11 13 56
11 14 46
12 13 52
12 14 90
13 14 26
15 112 [0, 1, 2, 3, 4, 5, 6, 7, 8, 9, 10, 11, 12, 13, 14]0 1 8
0 2 6
0 3 92
0 4 40
0 5 89
0 6 92
0 7 2
0 8 23
0 9 95
0 10 29
0 11 43
0 12 86
0 13 34
0 14 45
1 2 66
1 3 18
1 4 26
1 5 36
1 6 22
1 7 58
1 8 92
1 9 69
1 10 24
1 11 19
1 12 9
1 13 7
1 14 9
2 3 30
2 4 63
2 5 79
2 6 60
2 7 45
2 8 7
2 9 51
2 10 43
2 11 10
2 12 30
2 13 100
2 14 5
3 4 67
3 5 44
3 6 75
3 7 70
3 8 19
3 9 8
3 10 97
3 11 21
3 12 36
3 13 20
3 14 29
4 5 33
4 6 19
4 7 48
4 8 31
4 9 60
4 10 18
4 11 4
4 12 98
4 13 3
4 14 6
5 6 89
5 7 92
5 8 14
5 9 58
5 10 66
5 11 9
5 12 19
5 13 20
5 14 68
6 7 12
6 8 71
6 9 34
6 10 95
6 11 75
6 12 55
6 13 23
6 14 46
7 8 84
7 9 69
7 10 92
7 11 30
7 12 60
7 13 34
7 14 91
8 9 61
8 10 12
8 11 35
8 12 42
8 13 96
8 14 67
9 10 26
9 11 5
9 12 20
9 13 41
9 14 49
10 11 100
10 12 75
10 13 97
10 14 90
11 12 51
11 13 62
11 14 63
12 13 33
12 14 39
13 14 84
15 112 [0, 1, 2, 3, 4, 5, 6, 7, 8, 9, 10, 11, 12, 13, 14]0 1 52
0 2 64
0 3 42
0 4 3
0 5 45
0 6 41
0 7 13
0 8 11
0 9 95
0 10 65
0 11 28
0 12 10
0 13 4
0 14 63
1 2 90
1 3 81
1 4 100
1 5 26
1 6 71
1 7 33
1 8 80
1 9 90
1 10 21
1 11 71
1 12 96
1 13 43
1 14 11
2 3 28
2 4 67
2 5 83
2 6 63
2 7 95
2 8 89
2 9 1
2 10 12
2 11 53
2 12 55
2 13 47
2 14 31
3 4 63
3 5 31
3 6 42
3 7 79
3 8 99
3 9 23
3 10 93
3 11 79
3 12 89
3 13 56
3 14 29
4 5 68
4 6 19
4 7 32
4 8 33
4 9 69
4 10 80
4 11 73
4 12 20
4 13 89
4 14 27
5 6 87
5 7 23
5 8 96
5 9 51
5 10 28
5 11 16
5 12 99
5 13 59
5 14 98
6 7 53
6 8 93
6 9 27
6 10 90
6 11 86
6 12 60
6 13 69
6 14 25
7 8 64
7 9 61
7 10 30
7 11 28
7 12 49
7 13 53
7 14 15
8 9 38
8 10 69
8 11 32
8 12 83
8 13 96
8 14 73
9 10 42
9 11 61
9 12 57
9 13 52
9 14 15
10 11 13
10 12 6
10 13 40
10 14 43
11 12 10
11 13 53
11 14 19
12 13 43
12 14 84
13 14 28
15 112 [0, 1, 2, 3, 4, 5, 6, 7, 8, 9, 10, 11, 12, 13, 14]0 1 52
0 2 24
0 3 90
0 4 24
0 5 94
0 6 43
0 7 44
0 8 28
0 9 14
0 10 67
0 11 21
0 12 90
0 13 46
0 14 95
1 2 71
1 3 99
1 4 46
1 5 12
1 6 79
1 7 60
1 8 52
1 9 27
1 10 18
1 11 42
1 12 60
1 13 53
1 14 94
2 3 33
2 4 43
2 5 95
2 6 15
2 7 58
2 8 64
2 9 2
2 10 37
2 11 19
2 12 40
2 13 26
2 14 70
3 4 37
3 5 21
3 6 11
3 7 5
3 8 58
3 9 21
3 10 68
3 11 58
3 12 63
3 13 70
3 14 66
4 5 34
4 6 21
4 7 89
4 8 81
4 9 61
4 10 9
4 11 62
4 12 52
4 13 57
4 14 6
5 6 88
5 7 92
5 8 12
5 9 39
5 10 20
5 11 25
5 12 24
5 13 56
5 14 76
6 7 69
6 8 89
6 9 30
6 10 98
6 11 23
6 12 50
6 13 30
6 14 55
7 8 61
7 9 96
7 10 69
7 11 42
7 12 89
7 13 42
7 14 65
8 9 34
8 10 12
8 11 36
8 12 48
8 13 53
8 14 65
9 10 60
9 11 75
9 12 88
9 13 49
9 14 91
10 11 64
10 12 47
10 13 27
10 14 31
11 12 81
11 13 18
11 14 14
12 13 65
12 14 79
13 14 17
15 112 [0, 1, 2, 3, 4, 5, 6, 7, 8, 9, 10, 11, 12, 13, 14]0 1 40
0 2 18
0 3 47
0 4 34
0 5 63
0 6 23
0 7 8
0 8 24
0 9 89
0 10 65
0 11 88
0 12 54
0 13 3
0 14 40
1 2 70
1 3 40
1 4 69
1 5 25
1 6 18
1 7 76
1 8 68
1 9 63
1 10 54
1 11 24
1 12 94
1 13 58
1 14 24
2 3 78
2 4 92
2 5 72
2 6 18
2 7 47
2 8 30
2 9 62
2 10 5
2 11 15
2 12 80
2 13 46
2 14 80
3 4 71
3 5 20
3 6 13
3 7 7
3 8 75
3 9 37
3 10 55
3 11 42
3 12 10
3 13 52
3 14 96
4 5 45
4 6 36
4 7 74
4 8 83
4 9 38
4 10 26
4 11 40
4 12 94
4 13 18
4 14 32
5 6 52
5 7 63
5 8 18
5 9 53
5 10 36
5 11 51
5 12 72
5 13 17
5 14 39
6 7 56
6 8 90
6 9 88
6 10 52
6 11 28
6 12 15
6 13 62
6 14 35
7 8 96
7 9 3
7 10 20
7 11 62
7 12 31
7 13 42
7 14 1
8 9 9
8 10 80
8 11 18
8 12 80
8 13 99
8 14 58
9 10 57
9 11 40
9 12 58
9 13 65
9 14 93
10 11 40
10 12 71
10 13 20
10 14 22
11 12 82
11 13 7
11 14 16
12 13 34
12 14 70
13 14 33
15 112 [0, 1, 2, 3, 4, 5, 6, 7, 8, 9, 10, 11, 12, 13, 14]0 1 24
0 2 61
0 3 78
0 4 64
0 5 36
0 6 29
0 7 79
0 8 90
0 9 48
0 10 45
0 11 8
0 12 49
0 13 63
0 14 78
1 2 1
1 3 29
1 4 6
1 5 30
1 6 71
1 7 8
1 8 32
1 9 9
1 10 78
1 11 63
1 12 43
1 13 100
1 14 95
2 3 78
2 4 3
2 5 75
2 6 54
2 7 4
2 8 24
2 9 60
2 10 97
2 11 12
2 12 87
2 13 68
2 14 60
3 4 41
3 5 72
3 6 6
3 7 45
3 8 39
3 9 70
3 10 84
3 11 8
3 12 80
3 13 14
3 14 74
4 5 37
4 6 100
4 7 58
4 8 42
4 9 88
4 10 77
4 11 24
4 12 22
4 13 100
4 14 100
5 6 36
5 7 81
5 8 23
5 9 27
5 10 28
5 11 60
5 12 88
5 13 72
5 14 56
6 7 75
6 8 43
6 9 5
6 10 64
6 11 29
6 12 28
6 13 57
6 14 81
7 8 94
7 9 31
7 10 97
7 11 96
7 12 36
7 13 1
7 14 83
8 9 70
8 10 3
8 11 3
8 12 2
8 13 13
8 14 26
9 10 23
9 11 17
9 12 48
9 13 13
9 14 9
10 11 28
10 12 71
10 13 72
10 14 40
11 12 59
11 13 69
11 14 51
12 13 29
12 14 64
13 14 49
15 112 [0, 1, 2, 3, 4, 5, 6, 7, 8, 9, 10, 11, 12, 13, 14]0 1 14
0 2 32
0 3 21
0 4 49
0 5 45
0 6 74
0 7 9
0 8 73
0 9 26
0 10 55
0 11 18
0 12 18
0 13 50
0 14 36
1 2 10
1 3 29
1 4 42
1 5 28
1 6 18
1 7 24
1 8 7
1 9 81
1 10 24
1 11 46
1 12 72
1 13 98
1 14 70
2 3 73
2 4 46
2 5 92
2 6 46
2 7 98
2 8 70
2 9 38
2 10 60
2 11 58
2 12 65
2 13 65
2 14 46
3 4 35
3 5 46
3 6 8
3 7 41
3 8 71
3 9 4
3 10 92
3 11 50
3 12 94
3 13 33
3 14 17
4 5 73
4 6 28
4 7 77
4 8 7
4 9 34
4 10 78
4 11 14
4 12 11
4 13 59
4 14 86
5 6 11
5 7 19
5 8 21
5 9 27
5 10 36
5 11 56
5 12 27
5 13 26
5 14 11
6 7 16
6 8 62
6 9 18
6 10 40
6 11 90
6 12 20
6 13 74
6 14 73
7 8 94
7 9 13
7 10 91
7 11 6
7 12 7
7 13 16
7 14 76
8 9 11
8 10 100
8 11 91
8 12 66
8 13 16
8 14 19
9 10 74
9 11 68
9 12 71
9 13 88
9 14 21
10 11 99
10 12 31
10 13 64
10 14 77
11 12 28
11 13 28
11 14 16
12 13 9
12 14 29
13 14 78
15 112 [0, 1, 2, 3, 4, 5, 6, 7, 8, 9, 10, 11, 12, 13, 14]0 1 80
0 2 34
0 3 57
0 4 77
0 5 35
0 6 61
0 7 39
0 8 50
0 9 62
0 10 8
0 11 46
0 12 97
0 13 11
0 14 63
1 2 52
1 3 80
1 4 79
1 5 53
1 6 90
1 7 94
1 8 68
1 9 26
1 10 99
1 11 29
1 12 89
1 13 22
1 14 20
2 3 97
2 4 26
2 5 92
2 6 50
2 7 15
2 8 70
2 9 17
2 10 71
2 11 37
2 12 55
2 13 8
2 14 54
3 4 4
3 5 12
3 6 98
3 7 13
3 8 36
3 9 70
3 10 28
3 11 50
3 12 16
3 13 31
3 14 56
4 5 45
4 6 88
4 7 72
4 8 72
4 9 26
4 10 96
4 11 37
4 12 62
4 13 89
4 14 26
5 6 90
5 7 73
5 8 86
5 9 67
5 10 7
5 11 17
5 12 70
5 13 3
5 14 61
6 7 49
6 8 66
6 9 45
6 10 99
6 11 78
6 12 57
6 13 59
6 14 37
7 8 48
7 9 82
7 10 77
7 11 6
7 12 41
7 13 59
7 14 33
8 9 3
8 10 38
8 11 49
8 12 14
8 13 61
8 14 11
9 10 15
9 11 18
9 12 61
9 13 59
9 14 55
10 11 36
10 12 49
10 13 56
10 14 29
11 12 22
11 13 11
11 14 59
12 13 17
12 14 50
13 14 47
15 112 [0, 1, 2, 3, 4, 5, 6, 7, 8, 9, 10, 11, 12, 13, 14]0 1 21
0 2 8
0 3 82
0 4 67
0 5 63
0 6 65
0 7 79
0 8 45
0 9 50
0 10 35
0 11 59
0 12 9
0 13 8
0 14 29
1 2 7
1 3 55
1 4 54
1 5 5
1 6 68
1 7 39
1 8 53
1 9 99
1 10 49
1 11 14
1 12 42
1 13 70
1 14 53
2 3 36
2 4 99
2 5 83
2 6 11
2 7 91
2 8 51
2 9 75
2 10 26
2 11 45
2 12 98
2 13 73
2 14 12
3 4 46
3 5 34
3 6 73
3 7 9
3 8 1
3 9 27
3 10 12
3 11 91
3 12 37
3 13 51
3 14 64
4 5 35
4 6 44
4 7 32
4 8 2
4 9 55
4 10 94
4 11 77
4 12 28
4 13 59
4 14 80
5 6 90
5 7 52
5 8 63
5 9 92
5 10 31
5 11 47
5 12 91
5 13 27
5 14 24
6 7 20
6 8 59
6 9 97
6 10 70
6 11 23
6 12 91
6 13 47
6 14 56
7 8 4
7 9 86
7 10 83
7 11 75
7 12 42
7 13 20
7 14 63
8 9 25
8 10 60
8 11 2
8 12 54
8 13 50
8 14 47
9 10 28
9 11 95
9 12 86
9 13 97
9 14 79
10 11 2
10 12 72
10 13 60
10 14 63
11 12 34
11 13 39
11 14 4
12 13 68
12 14 23
13 14 31
15 112 [0, 1, 2, 3, 4, 5, 6, 7, 8, 9, 10, 11, 12, 13, 14]0 1 74
0 2 51
0 3 20
0 4 28
0 5 4
0 6 21
0 7 70
0 8 63
0 9 91
0 10 45
0 11 50
0 12 75
0 13 95
0 14 35
1 2 20
1 3 36
1 4 62
1 5 76
1 6 44
1 7 79
1 8 62
1 9 7
1 10 95
1 11 75
1 12 33
1 13 44
1 14 90
2 3 95
2 4 45
2 5 29
2 6 56
2 7 72
2 8 26
2 9 5
2 10 35
2 11 13
2 12 20
2 13 78
2 14 54
3 4 68
3 5 40
3 6 43
3 7 67
3 8 76
3 9 69
3 10 89
3 11 50
3 12 77
3 13 70
3 14 40
4 5 78
4 6 49
4 7 89
4 8 9
4 9 29
4 10 26
4 11 97
4 12 67
4 13 74
4 14 93
5 6 34
5 7 11
5 8 22
5 9 50
5 10 22
5 11 69
5 12 99
5 13 71
5 14 68
6 7 89
6 8 29
6 9 55
6 10 3
6 11 79
6 12 24
6 13 2
6 14 52
7 8 69
7 9 82
7 10 99
7 11 74
7 12 73
7 13 30
7 14 53
8 9 94
8 10 93
8 11 21
8 12 59
8 13 56
8 14 73
9 10 96
9 11 23
9 12 96
9 13 66
9 14 8
10 11 46
10 12 14
10 13 61
10 14 96
11 12 6
11 13 96
11 14 41
12 13 67
12 14 89
13 14 80
15 112 [0, 1, 2, 3, 4, 5, 6, 7, 8, 9, 10, 11, 12, 13, 14]0 1 73
0 2 13
0 3 1
0 4 27
0 5 86
0 6 56
0 7 70
0 8 65
0 9 39
0 10 86
0 11 61
0 12 24
0 13 22
0 14 82
1 2 46
1 3 89
1 4 75
1 5 80
1 6 39
1 7 5
1 8 50
1 9 74
1 10 3
1 11 73
1 12 73
1 13 93
1 14 86
2 3 94
2 4 50
2 5 7
2 6 62
2 7 59
2 8 32
2 9 27
2 10 40
2 11 88
2 12 69
2 13 56
2 14 33
3 4 72
3 5 59
3 6 69
3 7 4
3 8 78
3 9 47
3 10 51
3 11 19
3 12 15
3 13 32
3 14 94
4 5 71
4 6 49
4 7 70
4 8 55
4 9 87
4 10 56
4 11 22
4 12 100
4 13 90
4 14 97
5 6 18
5 7 62
5 8 36
5 9 7
5 10 72
5 11 24
5 12 79
5 13 67
5 14 10
6 7 7
6 8 18
6 9 60
6 10 52
6 11 78
6 12 45
6 13 21
6 14 1
7 8 98
7 9 52
7 10 43
7 11 65
7 12 23
7 13 69
7 14 94
8 9 53
8 10 65
8 11 54
8 12 76
8 13 55
8 14 13
9 10 6
9 11 26
9 12 35
9 13 11
9 14 76
10 11 90
10 12 77
10 13 13
10 14 51
11 12 61
11 13 91
11 14 86
12 13 35
12 14 67
13 14 58
15 112 [0, 1, 2, 3, 4, 5, 6, 7, 8, 9, 10, 11, 12, 13, 14]0 1 92
0 2 62
0 3 78
0 4 78
0 5 34
0 6 49
0 7 67
0 8 39
0 9 6
0 10 45
0 11 70
0 12 9
0 13 36
0 14 31
1 2 6
1 3 8
1 4 59
1 5 96
1 6 67
1 7 35
1 8 43
1 9 55
1 10 39
1 11 93
1 12 32
1 13 48
1 14 42
2 3 35
2 4 61
2 5 95
2 6 57
2 7 17
2 8 36
2 9 66
2 10 18
2 11 30
2 12 37
2 13 32
2 14 26
3 4 4
3 5 32
3 6 6
3 7 33
3 8 59
3 9 29
3 10 73
3 11 1
3 12 85
3 13 41
3 14 35
4 5 6
4 6 78
4 7 21
4 8 88
4 9 100
4 10 62
4 11 17
4 12 63
4 13 35
4 14 37
5 6 23
5 7 1
5 8 77
5 9 63
5 10 30
5 11 37
5 12 1
5 13 9
5 14 82
6 7 48
6 8 42
6 9 100
6 10 68
6 11 75
6 12 38
6 13 96
6 14 57
7 8 59
7 9 29
7 10 60
7 11 39
7 12 48
7 13 6
7 14 8
8 9 44
8 10 81
8 11 26
8 12 3
8 13 43
8 14 35
9 10 50
9 11 87
9 12 2
9 13 24
9 14 78
10 11 49
10 12 96
10 13 100
10 14 40
11 12 100
11 13 22
11 14 3
12 13 14
12 14 56
13 14 30
15 112 [0, 1, 2, 3, 4, 5, 6, 7, 8, 9, 10, 11, 12, 13, 14]0 1 53
0 2 91
0 3 42
0 4 15
0 5 28
0 6 46
0 7 84
0 8 77
0 9 86
0 10 5
0 11 86
0 12 50
0 13 91
0 14 75
1 2 18
1 3 84
1 4 71
1 5 74
1 6 24
1 7 88
1 8 93
1 9 50
1 10 6
1 11 91
1 12 1
1 13 29
1 14 52
2 3 17
2 4 88
2 5 1
2 6 54
2 7 35
2 8 82
2 9 50
2 10 74
2 11 30
2 12 89
2 13 19
2 14 92
3 4 44
3 5 58
3 6 76
3 7 71
3 8 76
3 9 72
3 10 73
3 11 54
3 12 66
3 13 84
3 14 61
4 5 85
4 6 76
4 7 52
4 8 92
4 9 19
4 10 10
4 11 80
4 12 61
4 13 68
4 14 52
5 6 79
5 7 42
5 8 11
5 9 86
5 10 8
5 11 43
5 12 61
5 13 31
5 14 65
6 7 32
6 8 48
6 9 27
6 10 79
6 11 75
6 12 8
6 13 19
6 14 61
7 8 43
7 9 76
7 10 59
7 11 16
7 12 62
7 13 22
7 14 82
8 9 95
8 10 52
8 11 79
8 12 83
8 13 27
8 14 91
9 10 14
9 11 1
9 12 4
9 13 17
9 14 100
10 11 38
10 12 49
10 13 85
10 14 31
11 12 87
11 13 75
11 14 73
12 13 54
12 14 36
13 14 7
15 112 [0, 1, 2, 3, 4, 5, 6, 7, 8, 9, 10, 11, 12, 13, 14]0 1 24
0 2 75
0 3 85
0 4 83
0 5 75
0 6 18
0 7 6
0 8 59
0 9 82
0 10 21
0 11 42
0 12 21
0 13 75
0 14 9
1 2 64
1 3 55
1 4 15
1 5 67
1 6 71
1 7 71
1 8 23
1 9 52
1 10 48
1 11 4
1 12 11
1 13 33
1 14 27
2 3 41
2 4 17
2 5 60
2 6 86
2 7 70
2 8 99
2 9 27
2 10 93
2 11 93
2 12 79
2 13 16
2 14 91
3 4 55
3 5 18
3 6 42
3 7 97
3 8 91
3 9 46
3 10 63
3 11 53
3 12 19
3 13 59
3 14 18
4 5 27
4 6 49
4 7 3
4 8 52
4 9 32
4 10 31
4 11 88
4 12 85
4 13 92
4 14 41
5 6 57
5 7 45
5 8 7
5 9 90
5 10 50
5 11 57
5 12 93
5 13 87
5 14 5
6 7 27
6 8 87
6 9 70
6 10 52
6 11 72
6 12 81
6 13 54
6 14 13
7 8 31
7 9 83
7 10 76
7 11 82
7 12 42
7 13 8
7 14 1
8 9 28
8 10 55
8 11 66
8 12 77
8 13 13
8 14 23
9 10 19
9 11 43
9 12 92
9 13 98
9 14 70
10 11 68
10 12 58
10 13 44
10 14 44
11 12 66
11 13 29
11 14 12
12 13 59
12 14 99
13 14 77
15 112 [0, 1, 2, 3, 4, 5, 6, 7, 8, 9, 10, 11, 12, 13, 14]0 1 49
0 2 91
0 3 40
0 4 89
0 5 83
0 6 84
0 7 85
0 8 26
0 9 77
0 10 73
0 11 10
0 12 71
0 13 8
0 14 30
1 2 98
1 3 5
1 4 51
1 5 47
1 6 94
1 7 58
1 8 56
1 9 79
1 10 29
1 11 40
1 12 18
1 13 76
1 14 97
2 3 24
2 4 94
2 5 41
2 6 59
2 7 46
2 8 6
2 9 86
2 10 68
2 11 68
2 12 72
2 13 44
2 14 64
3 4 59
3 5 25
3 6 84
3 7 22
3 8 93
3 9 21
3 10 69
3 11 71
3 12 43
3 13 61
3 14 51
4 5 74
4 6 82
4 7 69
4 8 55
4 9 12
4 10 42
4 11 10
4 12 34
4 13 97
4 14 18
5 6 5
5 7 50
5 8 90
5 9 94
5 10 8
5 11 95
5 12 6
5 13 31
5 14 82
6 7 93
6 8 96
6 9 70
6 10 83
6 11 16
6 12 9
6 13 86
6 14 73
7 8 41
7 9 40
7 10 81
7 11 98
7 12 87
7 13 35
7 14 62
8 9 47
8 10 91
8 11 44
8 12 13
8 13 58
8 14 87
9 10 43
9 11 29
9 12 9
9 13 14
9 14 23
10 11 23
10 12 69
10 13 77
10 14 4
11 12 68
11 13 56
11 14 40
12 13 3
12 14 46
13 14 86
15 112 [0, 1, 2, 3, 4, 5, 6, 7, 8, 9, 10, 11, 12, 13, 14]0 1 46
0 2 53
0 3 76
0 4 75
0 5 91
0 6 84
0 7 16
0 8 57
0 9 44
0 10 74
0 11 95
0 12 81
0 13 42
0 14 38
1 2 49
1 3 30
1 4 11
1 5 40
1 6 68
1 7 53
1 8 77
1 9 39
1 10 44
1 11 82
1 12 46
1 13 71
1 14 71
2 3 16
2 4 12
2 5 69
2 6 97
2 7 46
2 8 34
2 9 66
2 10 20
2 11 45
2 12 42
2 13 75
2 14 47
3 4 14
3 5 41
3 6 30
3 7 48
3 8 51
3 9 74
3 10 70
3 11 35
3 12 94
3 13 6
3 14 91
4 5 90
4 6 19
4 7 26
4 8 20
4 9 55
4 10 14
4 11 57
4 12 6
4 13 40
4 14 95
5 6 26
5 7 49
5 8 5
5 9 26
5 10 18
5 11 24
5 12 27
5 13 99
5 14 28
6 7 65
6 8 74
6 9 88
6 10 33
6 11 52
6 12 89
6 13 35
6 14 37
7 8 63
7 9 83
7 10 69
7 11 15
7 12 38
7 13 71
7 14 10
8 9 65
8 10 81
8 11 55
8 12 91
8 13 63
8 14 9
9 10 97
9 11 42
9 12 97
9 13 79
9 14 17
10 11 43
10 12 99
10 13 68
10 14 68
11 12 49
11 13 64
11 14 63
12 13 94
12 14 65
13 14 41
15 112 [0, 1, 2, 3, 4, 5, 6, 7, 8, 9, 10, 11, 12, 13, 14]0 1 87
0 2 29
0 3 3
0 4 5
0 5 14
0 6 8
0 7 12
0 8 49
0 9 37
0 10 83
0 11 60
0 12 54
0 13 7
0 14 44
1 2 14
1 3 27
1 4 62
1 5 18
1 6 45
1 7 70
1 8 59
1 9 59
1 10 49
1 11 48
1 12 17
1 13 39
1 14 25
2 3 39
2 4 19
2 5 70
2 6 1
2 7 73
2 8 82
2 9 94
2 10 37
2 11 78
2 12 81
2 13 55
2 14 53
3 4 10
3 5 72
3 6 91
3 7 66
3 8 60
3 9 51
3 10 96
3 11 82
3 12 35
3 13 74
3 14 58
4 5 48
4 6 85
4 7 80
4 8 17
4 9 31
4 10 86
4 11 56
4 12 80
4 13 48
4 14 49
5 6 42
5 7 69
5 8 18
5 9 34
5 10 75
5 11 56
5 12 48
5 13 15
5 14 4
6 7 6
6 8 34
6 9 76
6 10 82
6 11 97
6 12 98
6 13 88
6 14 55
7 8 66
7 9 12
7 10 52
7 11 98
7 12 14
7 13 14
7 14 28
8 9 47
8 10 2
8 11 95
8 12 18
8 13 69
8 14 13
9 10 1
9 11 17
9 12 59
9 13 33
9 14 7
10 11 2
10 12 49
10 13 75
10 14 1
11 12 87
11 13 67
11 14 10
12 13 64
12 14 79
13 14 56
15 112 [0, 1, 2, 3, 4, 5, 6, 7, 8, 9, 10, 11, 12, 13, 14]0 1 65
0 2 17
0 3 66
0 4 46
0 5 22
0 6 75
0 7 54
0 8 97
0 9 73
0 10 91
0 11 27
0 12 97
0 13 58
0 14 51
1 2 36
1 3 44
1 4 51
1 5 15
1 6 24
1 7 54
1 8 22
1 9 74
1 10 96
1 11 23
1 12 4
1 13 6
1 14 58
2 3 69
2 4 32
2 5 4
2 6 87
2 7 70
2 8 85
2 9 8
2 10 69
2 11 4
2 12 97
2 13 16
2 14 2
3 4 86
3 5 82
3 6 87
3 7 10
3 8 35
3 9 31
3 10 24
3 11 66
3 12 71
3 13 86
3 14 10
4 5 31
4 6 70
4 7 50
4 8 53
4 9 74
4 10 64
4 11 14
4 12 59
4 13 91
4 14 68
5 6 59
5 7 6
5 8 100
5 9 75
5 10 51
5 11 66
5 12 19
5 13 72
5 14 38
6 7 77
6 8 21
6 9 11
6 10 73
6 11 85
6 12 4
6 13 43
6 14 9
7 8 20
7 9 55
7 10 93
7 11 42
7 12 33
7 13 95
7 14 78
8 9 10
8 10 51
8 11 87
8 12 37
8 13 96
8 14 74
9 10 3
9 11 29
9 12 45
9 13 19
9 14 8
10 11 31
10 12 51
10 13 99
10 14 49
11 12 56
11 13 55
11 14 50
12 13 90
12 14 35
13 14 16
15 112 [0, 1, 2, 3, 4, 5, 6, 7, 8, 9, 10, 11, 12, 13, 14]0 1 13
0 2 91
0 3 94
0 4 19
0 5 54
0 6 36
0 7 25
0 8 12
0 9 4
0 10 83
0 11 56
0 12 58
0 13 73
0 14 94
1 2 74
1 3 37
1 4 17
1 5 34
1 6 9
1 7 93
1 8 60
1 9 74
1 10 14
1 11 99
1 12 26
1 13 64
1 14 99
2 3 66
2 4 28
2 5 83
2 6 16
2 7 77
2 8 71
2 9 97
2 10 5
2 11 34
2 12 18
2 13 21
2 14 77
3 4 42
3 5 4
3 6 90
3 7 73
3 8 59
3 9 93
3 10 1
3 11 79
3 12 89
3 13 69
3 14 50
4 5 55
4 6 94
4 7 27
4 8 22
4 9 41
4 10 52
4 11 2
4 12 37
4 13 84
4 14 12
5 6 61
5 7 56
5 8 43
5 9 57
5 10 75
5 11 100
5 12 47
5 13 97
5 14 67
6 7 32
6 8 72
6 9 71
6 10 19
6 11 2
6 12 41
6 13 14
6 14 69
7 8 71
7 9 62
7 10 98
7 11 90
7 12 91
7 13 83
7 14 13
8 9 99
8 10 41
8 11 19
8 12 13
8 13 16
8 14 82
9 10 78
9 11 30
9 12 49
9 13 82
9 14 2
10 11 20
10 12 71
10 13 39
10 14 78
11 12 48
11 13 74
11 14 44
12 13 20
12 14 56
13 14 74
15 112 [0, 1, 2, 3, 4, 5, 6, 7, 8, 9, 10, 11, 12, 13, 14]0 1 26
0 2 59
0 3 92
0 4 65
0 5 79
0 6 58
0 7 89
0 8 17
0 9 82
0 10 78
0 11 60
0 12 64
0 13 7
0 14 12
1 2 11
1 3 41
1 4 18
1 5 49
1 6 49
1 7 38
1 8 75
1 9 47
1 10 91
1 11 65
1 12 63
1 13 27
1 14 51
2 3 37
2 4 61
2 5 12
2 6 2
2 7 48
2 8 95
2 9 93
2 10 37
2 11 77
2 12 18
2 13 91
2 14 14
3 4 96
3 5 31
3 6 94
3 7 87
3 8 88
3 9 75
3 10 43
3 11 52
3 12 25
3 13 91
3 14 23
4 5 6
4 6 27
4 7 72
4 8 85
4 9 76
4 10 19
4 11 21
4 12 17
4 13 67
4 14 44
5 6 57
5 7 85
5 8 33
5 9 89
5 10 25
5 11 51
5 12 90
5 13 79
5 14 20
6 7 66
6 8 31
6 9 36
6 10 30
6 11 69
6 12 66
6 13 16
6 14 39
7 8 76
7 9 45
7 10 10
7 11 83
7 12 43
7 13 38
7 14 34
8 9 31
8 10 27
8 11 86
8 12 58
8 13 93
8 14 32
9 10 8
9 11 79
9 12 87
9 13 60
9 14 83
10 11 72
10 12 22
10 13 93
10 14 3
11 12 50
11 13 77
11 14 14
12 13 4
12 14 90
13 14 58
15 112 [0, 1, 2, 3, 4, 5, 6, 7, 8, 9, 10, 11, 12, 13, 14]0 1 20
0 2 2
0 3 5
0 4 85
0 5 87
0 6 79
0 7 87
0 8 45
0 9 79
0 10 66
0 11 64
0 12 64
0 13 43
0 14 27
1 2 42
1 3 96
1 4 27
1 5 49
1 6 82
1 7 79
1 8 63
1 9 5
1 10 82
1 11 6
1 12 86
1 13 77
1 14 43
2 3 66
2 4 33
2 5 25
2 6 7
2 7 52
2 8 100
2 9 35
2 10 90
2 11 39
2 12 22
2 13 2
2 14 41
3 4 47
3 5 40
3 6 77
3 7 12
3 8 39
3 9 77
3 10 76
3 11 24
3 12 97
3 13 47
3 14 54
4 5 96
4 6 59
4 7 4
4 8 38
4 9 84
4 10 77
4 11 41
4 12 26
4 13 84
4 14 8
5 6 29
5 7 59
5 8 17
5 9 23
5 10 67
5 11 62
5 12 45
5 13 40
5 14 63
6 7 66
6 8 14
6 9 41
6 10 16
6 11 63
6 12 74
6 13 52
6 14 88
7 8 69
7 9 10
7 10 42
7 11 17
7 12 69
7 13 30
7 14 37
8 9 11
8 10 65
8 11 43
8 12 64
8 13 48
8 14 77
9 10 56
9 11 71
9 12 63
9 13 74
9 14 70
10 11 37
10 12 19
10 13 97
10 14 91
11 12 82
11 13 24
11 14 73
12 13 24
12 14 33
13 14 1
15 112 [0, 1, 2, 3, 4, 5, 6, 7, 8, 9, 10, 11, 12, 13, 14]0 1 56
0 2 4
0 3 55
0 4 98
0 5 6
0 6 26
0 7 51
0 8 95
0 9 10
0 10 81
0 11 1
0 12 16
0 13 4
0 14 55
1 2 56
1 3 43
1 4 85
1 5 42
1 6 6
1 7 87
1 8 93
1 9 6
1 10 43
1 11 11
1 12 77
1 13 13
1 14 75
2 3 87
2 4 59
2 5 87
2 6 31
2 7 66
2 8 67
2 9 71
2 10 50
2 11 84
2 12 34
2 13 49
2 14 5
3 4 37
3 5 5
3 6 83
3 7 85
3 8 47
3 9 18
3 10 4
3 11 24
3 12 55
3 13 52
3 14 15
4 5 83
4 6 74
4 7 77
4 8 63
4 9 10
4 10 99
4 11 37
4 12 49
4 13 13
4 14 89
5 6 88
5 7 98
5 8 11
5 9 5
5 10 3
5 11 95
5 12 68
5 13 61
5 14 78
6 7 100
6 8 69
6 9 74
6 10 74
6 11 15
6 12 96
6 13 6
6 14 82
7 8 44
7 9 97
7 10 43
7 11 86
7 12 41
7 13 29
7 14 81
8 9 89
8 10 23
8 11 4
8 12 76
8 13 6
8 14 25
9 10 13
9 11 83
9 12 36
9 13 65
9 14 81
10 11 55
10 12 16
10 13 91
10 14 2
11 12 31
11 13 23
11 14 90
12 13 66
12 14 72
13 14 71
15 112 [0, 1, 2, 3, 4, 5, 6, 7, 8, 9, 10, 11, 12, 13, 14]0 1 31
0 2 12
0 3 95
0 4 46
0 5 9
0 6 2
0 7 73
0 8 21
0 9 93
0 10 2
0 11 20
0 12 48
0 13 62
0 14 68
1 2 86
1 3 24
1 4 90
1 5 10
1 6 76
1 7 73
1 8 12
1 9 36
1 10 73
1 11 90
1 12 63
1 13 87
1 14 93
2 3 96
2 4 10
2 5 26
2 6 19
2 7 50
2 8 96
2 9 17
2 10 23
2 11 76
2 12 48
2 13 48
2 14 67
3 4 7
3 5 83
3 6 84
3 7 64
3 8 75
3 9 3
3 10 100
3 11 27
3 12 87
3 13 35
3 14 9
4 5 35
4 6 51
4 7 47
4 8 69
4 9 97
4 10 99
4 11 58
4 12 14
4 13 65
4 14 62
5 6 84
5 7 23
5 8 35
5 9 23
5 10 39
5 11 16
5 12 52
5 13 12
5 14 7
6 7 48
6 8 53
6 9 3
6 10 41
6 11 52
6 12 19
6 13 90
6 14 49
7 8 30
7 9 5
7 10 18
7 11 99
7 12 84
7 13 51
7 14 48
8 9 92
8 10 67
8 11 86
8 12 91
8 13 14
8 14 83
9 10 21
9 11 41
9 12 48
9 13 80
9 14 18
10 11 1
10 12 9
10 13 65
10 14 9
11 12 83
11 13 38
11 14 74
12 13 71
12 14 17
13 14 22
15 112 [0, 1, 2, 3, 4, 5, 6, 7, 8, 9, 10, 11, 12, 13, 14]0 1 79
0 2 13
0 3 3
0 4 71
0 5 14
0 6 56
0 7 17
0 8 33
0 9 23
0 10 36
0 11 7
0 12 60
0 13 14
0 14 4
1 2 47
1 3 89
1 4 67
1 5 29
1 6 17
1 7 40
1 8 72
1 9 65
1 10 22
1 11 68
1 12 50
1 13 69
1 14 98
2 3 85
2 4 14
2 5 26
2 6 83
2 7 66
2 8 90
2 9 1
2 10 51
2 11 52
2 12 16
2 13 93
2 14 12
3 4 88
3 5 14
3 6 41
3 7 66
3 8 75
3 9 83
3 10 76
3 11 6
3 12 70
3 13 86
3 14 68
4 5 66
4 6 19
4 7 86
4 8 89
4 9 78
4 10 97
4 11 4
4 12 24
4 13 24
4 14 8
5 6 67
5 7 91
5 8 90
5 9 37
5 10 6
5 11 36
5 12 18
5 13 57
5 14 31
6 7 39
6 8 58
6 9 65
6 10 79
6 11 17
6 12 65
6 13 77
6 14 76
7 8 39
7 9 1
7 10 32
7 11 5
7 12 100
7 13 3
7 14 57
8 9 14
8 10 50
8 11 82
8 12 30
8 13 79
8 14 93
9 10 47
9 11 7
9 12 84
9 13 32
9 14 64
10 11 35
10 12 89
10 13 93
10 14 24
11 12 97
11 13 77
11 14 41
12 13 32
12 14 81
13 14 79
15 112 [0, 1, 2, 3, 4, 5, 6, 7, 8, 9, 10, 11, 12, 13, 14]0 1 58
0 2 7
0 3 83
0 4 30
0 5 72
0 6 24
0 7 93
0 8 43
0 9 84
0 10 86
0 11 1
0 12 26
0 13 8
0 14 81
1 2 40
1 3 77
1 4 46
1 5 35
1 6 42
1 7 55
1 8 1
1 9 1
1 10 96
1 11 19
1 12 93
1 13 63
1 14 46
2 3 39
2 4 32
2 5 18
2 6 99
2 7 58
2 8 63
2 9 78
2 10 25
2 11 48
2 12 41
2 13 26
2 14 61
3 4 24
3 5 13
3 6 54
3 7 26
3 8 67
3 9 11
3 10 13
3 11 46
3 12 39
3 13 22
3 14 61
4 5 66
4 6 36
4 7 81
4 8 95
4 9 19
4 10 37
4 11 89
4 12 56
4 13 5
4 14 10
5 6 71
5 7 51
5 8 48
5 9 81
5 10 76
5 11 58
5 12 11
5 13 16
5 14 12
6 7 8
6 8 76
6 9 90
6 10 44
6 11 92
6 12 17
6 13 31
6 14 86
7 8 99
7 9 67
7 10 96
7 11 66
7 12 92
7 13 49
7 14 48
8 9 83
8 10 79
8 11 25
8 12 81
8 13 27
8 14 61
9 10 43
9 11 68
9 12 80
9 13 68
9 14 36
10 11 59
10 12 4
10 13 42
10 14 58
11 12 9
11 13 89
11 14 87
12 13 88
12 14 51
13 14 4
15 112 [0, 1, 2, 3, 4, 5, 6, 7, 8, 9, 10, 11, 12, 13, 14]0 1 47
0 2 11
0 3 13
0 4 64
0 5 5
0 6 17
0 7 94
0 8 51
0 9 33
0 10 40
0 11 60
0 12 90
0 13 100
0 14 20
1 2 25
1 3 96
1 4 20
1 5 90
1 6 24
1 7 28
1 8 100
1 9 98
1 10 89
1 11 28
1 12 4
1 13 11
1 14 99
2 3 9
2 4 85
2 5 20
2 6 43
2 7 6
2 8 40
2 9 40
2 10 57
2 11 39
2 12 97
2 13 32
2 14 25
3 4 18
3 5 8
3 6 55
3 7 40
3 8 28
3 9 92
3 10 59
3 11 3
3 12 46
3 13 34
3 14 99
4 5 82
4 6 63
4 7 34
4 8 53
4 9 76
4 10 19
4 11 97
4 12 55
4 13 17
4 14 55
5 6 24
5 7 50
5 8 21
5 9 68
5 10 30
5 11 13
5 12 22
5 13 34
5 14 63
6 7 88
6 8 36
6 9 69
6 10 43
6 11 89
6 12 91
6 13 45
6 14 84
7 8 12
7 9 96
7 10 25
7 11 65
7 12 94
7 13 9
7 14 11
8 9 54
8 10 46
8 11 11
8 12 45
8 13 81
8 14 30
9 10 100
9 11 67
9 12 6
9 13 98
9 14 92
10 11 86
10 12 49
10 13 57
10 14 30
11 12 11
11 13 36
11 14 42
12 13 49
12 14 2
13 14 44
15 112 [0, 1, 2, 3, 4, 5, 6, 7, 8, 9, 10, 11, 12, 13, 14]0 1 37
0 2 76
0 3 91
0 4 43
0 5 25
0 6 86
0 7 66
0 8 7
0 9 7
0 10 85
0 11 59
0 12 16
0 13 100
0 14 16
1 2 39
1 3 71
1 4 65
1 5 23
1 6 60
1 7 62
1 8 71
1 9 6
1 10 94
1 11 93
1 12 37
1 13 72
1 14 34
2 3 87
2 4 19
2 5 66
2 6 22
2 7 23
2 8 58
2 9 3
2 10 50
2 11 40
2 12 48
2 13 53
2 14 99
3 4 54
3 5 78
3 6 31
3 7 38
3 8 50
3 9 75
3 10 71
3 11 41
3 12 63
3 13 94
3 14 94
4 5 81
4 6 68
4 7 39
4 8 94
4 9 85
4 10 49
4 11 59
4 12 51
4 13 4
4 14 75
5 6 45
5 7 5
5 8 77
5 9 91
5 10 33
5 11 5
5 12 84
5 13 22
5 14 58
6 7 62
6 8 68
6 9 77
6 10 95
6 11 39
6 12 63
6 13 9
6 14 5
7 8 31
7 9 53
7 10 7
7 11 28
7 12 74
7 13 71
7 14 37
8 9 15
8 10 42
8 11 28
8 12 69
8 13 48
8 14 89
9 10 59
9 11 10
9 12 39
9 13 69
9 14 66
10 11 60
10 12 95
10 13 11
10 14 60
11 12 74
11 13 20
11 14 9
12 13 85
12 14 52
13 14 63
15 112 [0, 1, 2, 3, 4, 5, 6, 7, 8, 9, 10, 11, 12, 13, 14]0 1 96
0 2 16
0 3 17
0 4 92
0 5 55
0 6 29
0 7 58
0 8 11
0 9 3
0 10 30
0 11 23
0 12 78
0 13 8
0 14 32
1 2 76
1 3 53
1 4 98
1 5 84
1 6 79
1 7 18
1 8 80
1 9 14
1 10 53
1 11 23
1 12 25
1 13 27
1 14 11
2 3 44
2 4 90
2 5 38
2 6 96
2 7 39
2 8 44
2 9 65
2 10 99
2 11 29
2 12 68
2 13 44
2 14 13
3 4 64
3 5 5
3 6 98
3 7 37
3 8 49
3 9 38
3 10 10
3 11 14
3 12 43
3 13 61
3 14 7
4 5 14
4 6 38
4 7 55
4 8 87
4 9 51
4 10 4
4 11 49
4 12 91
4 13 27
4 14 99
5 6 44
5 7 61
5 8 56
5 9 22
5 10 56
5 11 60
5 12 88
5 13 31
5 14 88
6 7 82
6 8 46
6 9 68
6 10 22
6 11 20
6 12 55
6 13 41
6 14 11
7 8 92
7 9 49
7 10 52
7 11 38
7 12 53
7 13 78
7 14 59
8 9 29
8 10 54
8 11 27
8 12 25
8 13 25
8 14 36
9 10 61
9 11 91
9 12 60
9 13 51
9 14 36
10 11 17
10 12 45
10 13 16
10 14 59
11 12 1
11 13 69
11 14 10
12 13 41
12 14 97
13 14 44
15 112 [0, 1, 2, 3, 4, 5, 6, 7, 8, 9, 10, 11, 12, 13, 14]0 1 36
0 2 71
0 3 53
0 4 98
0 5 7
0 6 79
0 7 12
0 8 98
0 9 14
0 10 53
0 11 41
0 12 1
0 13 46
0 14 10
1 2 80
1 3 87
1 4 36
1 5 71
1 6 85
1 7 35
1 8 35
1 9 34
1 10 57
1 11 61
1 12 77
1 13 9
1 14 11
2 3 97
2 4 10
2 5 13
2 6 89
2 7 9
2 8 83
2 9 5
2 10 34
2 11 46
2 12 32
2 13 52
2 14 40
3 4 25
3 5 85
3 6 53
3 7 46
3 8 36
3 9 52
3 10 95
3 11 27
3 12 92
3 13 33
3 14 5
4 5 46
4 6 32
4 7 8
4 8 49
4 9 47
4 10 95
4 11 82
4 12 49
4 13 59
4 14 95
5 6 68
5 7 72
5 8 20
5 9 59
5 10 51
5 11 72
5 12 9
5 13 43
5 14 39
6 7 80
6 8 18
6 9 86
6 10 5
6 11 97
6 12 27
6 13 53
6 14 49
7 8 54
7 9 29
7 10 61
7 11 39
7 12 36
7 13 37
7 14 31
8 9 21
8 10 3
8 11 89
8 12 79
8 13 24
8 14 48
9 10 48
9 11 20
9 12 33
9 13 33
9 14 2
10 11 15
10 12 37
10 13 91
10 14 37
11 12 63
11 13 47
11 14 6
12 13 50
12 14 36
13 14 33
15 112 [0, 1, 2, 3, 4, 5, 6, 7, 8, 9, 10, 11, 12, 13, 14]0 1 45
0 2 90
0 3 30
0 4 50
0 5 57
0 6 38
0 7 74
0 8 89
0 9 63
0 10 88
0 11 32
0 12 96
0 13 14
0 14 63
1 2 24
1 3 72
1 4 27
1 5 90
1 6 36
1 7 55
1 8 89
1 9 55
1 10 90
1 11 31
1 12 50
1 13 51
1 14 83
2 3 38
2 4 76
2 5 11
2 6 4
2 7 76
2 8 90
2 9 41
2 10 33
2 11 97
2 12 54
2 13 12
2 14 75
3 4 14
3 5 89
3 6 53
3 7 19
3 8 85
3 9 92
3 10 21
3 11 83
3 12 50
3 13 13
3 14 58
4 5 3
4 6 78
4 7 55
4 8 90
4 9 12
4 10 36
4 11 97
4 12 87
4 13 96
4 14 13
5 6 4
5 7 91
5 8 95
5 9 61
5 10 22
5 11 51
5 12 97
5 13 72
5 14 50
6 7 75
6 8 96
6 9 97
6 10 37
6 11 41
6 12 33
6 13 52
6 14 39
7 8 17
7 9 7
7 10 54
7 11 64
7 12 68
7 13 43
7 14 44
8 9 16
8 10 70
8 11 81
8 12 14
8 13 39
8 14 13
9 10 74
9 11 5
9 12 47
9 13 93
9 14 44
10 11 14
10 12 45
10 13 83
10 14 79
11 12 82
11 13 48
11 14 8
12 13 30
12 14 6
13 14 97
15 112 [0, 1, 2, 3, 4, 5, 6, 7, 8, 9, 10, 11, 12, 13, 14]0 1 65
0 2 13
0 3 24
0 4 98
0 5 47
0 6 13
0 7 82
0 8 26
0 9 98
0 10 21
0 11 70
0 12 14
0 13 96
0 14 25
1 2 75
1 3 72
1 4 46
1 5 26
1 6 24
1 7 3
1 8 20
1 9 74
1 10 17
1 11 37
1 12 86
1 13 8
1 14 53
2 3 11
2 4 92
2 5 39
2 6 14
2 7 55
2 8 6
2 9 78
2 10 72
2 11 90
2 12 100
2 13 35
2 14 12
3 4 26
3 5 59
3 6 81
3 7 80
3 8 30
3 9 71
3 10 77
3 11 83
3 12 64
3 13 40
3 14 60
4 5 80
4 6 85
4 7 17
4 8 29
4 9 2
4 10 54
4 11 18
4 12 16
4 13 63
4 14 58
5 6 25
5 7 96
5 8 75
5 9 34
5 10 34
5 11 43
5 12 4
5 13 84
5 14 34
6 7 53
6 8 74
6 9 8
6 10 15
6 11 48
6 12 73
6 13 66
6 14 99
7 8 69
7 9 91
7 10 80
7 11 48
7 12 53
7 13 66
7 14 21
8 9 84
8 10 36
8 11 66
8 12 49
8 13 100
8 14 97
9 10 17
9 11 66
9 12 21
9 13 45
9 14 79
10 11 2
10 12 24
10 13 43
10 14 89
11 12 33
11 13 47
11 14 99
12 13 47
12 14 3
13 14 94
15 112 [0, 1, 2, 3, 4, 5, 6, 7, 8, 9, 10, 11, 12, 13, 14]0 1 100
0 2 61
0 3 23
0 4 58
0 5 11
0 6 55
0 7 30
0 8 86
0 9 25
0 10 88
0 11 98
0 12 1
0 13 55
0 14 45
1 2 38
1 3 71
1 4 87
1 5 15
1 6 98
1 7 81
1 8 55
1 9 38
1 10 26
1 11 23
1 12 34
1 13 34
1 14 5
2 3 2
2 4 17
2 5 97
2 6 72
2 7 19
2 8 27
2 9 38
2 10 16
2 11 69
2 12 79
2 13 70
2 14 38
3 4 54
3 5 70
3 6 5
3 7 12
3 8 9
3 9 43
3 10 95
3 11 84
3 12 54
3 13 15
3 14 19
4 5 62
4 6 78
4 7 11
4 8 86
4 9 18
4 10 2
4 11 14
4 12 48
4 13 76
4 14 46
5 6 8
5 7 53
5 8 83
5 9 51
5 10 77
5 11 12
5 12 30
5 13 71
5 14 18
6 7 26
6 8 26
6 9 64
6 10 100
6 11 21
6 12 59
6 13 30
6 14 28
7 8 9
7 9 81
7 10 29
7 11 82
7 12 86
7 13 61
7 14 1
8 9 31
8 10 36
8 11 42
8 12 96
8 13 77
8 14 35
9 10 93
9 11 47
9 12 3
9 13 77
9 14 68
10 11 28
10 12 93
10 13 62
10 14 11
11 12 19
11 13 68
11 14 80
12 13 27
12 14 17
13 14 20
15 112 [0, 1, 2, 3, 4, 5, 6, 7, 8, 9, 10, 11, 12, 13, 14]0 1 48
0 2 39
0 3 59
0 4 85
0 5 99
0 6 58
0 7 30
0 8 17
0 9 37
0 10 33
0 11 16
0 12 53
0 13 24
0 14 84
1 2 72
1 3 30
1 4 75
1 5 39
1 6 80
1 7 68
1 8 67
1 9 7
1 10 84
1 11 92
1 12 99
1 13 7
1 14 97
2 3 74
2 4 56
2 5 28
2 6 59
2 7 79
2 8 32
2 9 36
2 10 92
2 11 46
2 12 21
2 13 34
2 14 65
3 4 9
3 5 91
3 6 46
3 7 84
3 8 29
3 9 48
3 10 88
3 11 90
3 12 29
3 13 40
3 14 58
4 5 11
4 6 6
4 7 74
4 8 13
4 9 58
4 10 20
4 11 96
4 12 64
4 13 57
4 14 57
5 6 24
5 7 56
5 8 92
5 9 100
5 10 88
5 11 9
5 12 82
5 13 32
5 14 55
6 7 26
6 8 61
6 9 37
6 10 95
6 11 87
6 12 99
6 13 91
6 14 80
7 8 83
7 9 26
7 10 40
7 11 53
7 12 32
7 13 1
7 14 92
8 9 88
8 10 90
8 11 95
8 12 81
8 13 44
8 14 44
9 10 60
9 11 81
9 12 60
9 13 65
9 14 13
10 11 93
10 12 72
10 13 90
10 14 85
11 12 56
11 13 78
11 14 51
12 13 18
12 14 18
13 14 48
15 112 [0, 1, 2, 3, 4, 5, 6, 7, 8, 9, 10, 11, 12, 13, 14]0 1 79
0 2 43
0 3 1
0 4 77
0 5 43
0 6 97
0 7 23
0 8 92
0 9 10
0 10 37
0 11 2
0 12 88
0 13 1
0 14 84
1 2 55
1 3 82
1 4 32
1 5 59
1 6 57
1 7 88
1 8 22
1 9 100
1 10 25
1 11 8
1 12 79
1 13 94
1 14 9
2 3 69
2 4 70
2 5 12
2 6 36
2 7 91
2 8 9
2 9 51
2 10 34
2 11 4
2 12 95
2 13 51
2 14 1
3 4 36
3 5 38
3 6 64
3 7 7
3 8 45
3 9 48
3 10 62
3 11 74
3 12 91
3 13 99
3 14 73
4 5 85
4 6 12
4 7 32
4 8 2
4 9 73
4 10 57
4 11 40
4 12 73
4 13 17
4 14 67
5 6 77
5 7 54
5 8 61
5 9 63
5 10 90
5 11 100
5 12 60
5 13 58
5 14 21
6 7 35
6 8 18
6 9 99
6 10 93
6 11 30
6 12 90
6 13 99
6 14 56
7 8 5
7 9 82
7 10 24
7 11 7
7 12 2
7 13 72
7 14 29
8 9 10
8 10 2
8 11 70
8 12 62
8 13 36
8 14 55
9 10 64
9 11 33
9 12 73
9 13 57
9 14 16
10 11 98
10 12 82
10 13 71
10 14 47
11 12 65
11 13 69
11 14 70
12 13 40
12 14 46
13 14 13
15 112 [0, 1, 2, 3, 4, 5, 6, 7, 8, 9, 10, 11, 12, 13, 14]0 1 57
0 2 63
0 3 7
0 4 8
0 5 100
0 6 69
0 7 58
0 8 28
0 9 74
0 10 82
0 11 32
0 12 80
0 13 43
0 14 45
1 2 40
1 3 16
1 4 70
1 5 70
1 6 87
1 7 75
1 8 31
1 9 81
1 10 79
1 11 6
1 12 91
1 13 89
1 14 90
2 3 75
2 4 55
2 5 35
2 6 92
2 7 59
2 8 12
2 9 73
2 10 100
2 11 12
2 12 23
2 13 5
2 14 75
3 4 26
3 5 7
3 6 53
3 7 100
3 8 20
3 9 58
3 10 7
3 11 47
3 12 69
3 13 13
3 14 61
4 5 100
4 6 35
4 7 80
4 8 91
4 9 57
4 10 4
4 11 96
4 12 21
4 13 49
4 14 72
5 6 48
5 7 44
5 8 30
5 9 33
5 10 90
5 11 76
5 12 66
5 13 77
5 14 37
6 7 9
6 8 95
6 9 20
6 10 13
6 11 31
6 12 25
6 13 67
6 14 66
7 8 74
7 9 70
7 10 66
7 11 53
7 12 12
7 13 71
7 14 95
8 9 5
8 10 2
8 11 15
8 12 29
8 13 18
8 14 48
9 10 57
9 11 83
9 12 11
9 13 79
9 14 44
10 11 48
10 12 39
10 13 46
10 14 40
11 12 50
11 13 36
11 14 6
12 13 11
12 14 43
13 14 11
15 112 [0, 1, 2, 3, 4, 5, 6, 7, 8, 9, 10, 11, 12, 13, 14]0 1 55
0 2 78
0 3 14
0 4 35
0 5 80
0 6 27
0 7 69
0 8 2
0 9 33
0 10 78
0 11 25
0 12 47
0 13 14
0 14 54
1 2 48
1 3 35
1 4 48
1 5 12
1 6 67
1 7 11
1 8 68
1 9 2
1 10 40
1 11 7
1 12 51
1 13 55
1 14 46
2 3 9
2 4 3
2 5 9
2 6 1
2 7 12
2 8 73
2 9 53
2 10 58
2 11 55
2 12 25
2 13 70
2 14 7
3 4 9
3 5 65
3 6 24
3 7 9
3 8 41
3 9 17
3 10 77
3 11 10
3 12 46
3 13 40
3 14 98
4 5 12
4 6 64
4 7 70
4 8 26
4 9 99
4 10 69
4 11 12
4 12 72
4 13 63
4 14 36
5 6 8
5 7 10
5 8 12
5 9 89
5 10 20
5 11 31
5 12 55
5 13 82
5 14 41
6 7 66
6 8 69
6 9 95
6 10 24
6 11 66
6 12 52
6 13 52
6 14 75
7 8 7
7 9 9
7 10 46
7 11 17
7 12 65
7 13 48
7 14 74
8 9 33
8 10 43
8 11 74
8 12 50
8 13 17
8 14 72
9 10 27
9 11 55
9 12 29
9 13 30
9 14 7
10 11 74
10 12 65
10 13 71
10 14 61
11 12 82
11 13 18
11 14 68
12 13 4
12 14 6
13 14 6
15 112 [0, 1, 2, 3, 4, 5, 6, 7, 8, 9, 10, 11, 12, 13, 14]0 1 65
0 2 83
0 3 82
0 4 87
0 5 77
0 6 56
0 7 3
0 8 75
0 9 46
0 10 39
0 11 42
0 12 94
0 13 48
0 14 71
1 2 75
1 3 86
1 4 3
1 5 94
1 6 69
1 7 12
1 8 88
1 9 43
1 10 69
1 11 91
1 12 67
1 13 26
1 14 40
2 3 74
2 4 95
2 5 24
2 6 24
2 7 76
2 8 40
2 9 73
2 10 92
2 11 34
2 12 57
2 13 99
2 14 35
3 4 58
3 5 74
3 6 3
3 7 14
3 8 92
3 9 98
3 10 34
3 11 15
3 12 45
3 13 14
3 14 83
4 5 75
4 6 77
4 7 34
4 8 58
4 9 16
4 10 14
4 11 31
4 12 15
4 13 47
4 14 85
5 6 84
5 7 47
5 8 70
5 9 31
5 10 72
5 11 39
5 12 31
5 13 75
5 14 30
6 7 43
6 8 44
6 9 93
6 10 93
6 11 52
6 12 25
6 13 12
6 14 87
7 8 12
7 9 56
7 10 38
7 11 15
7 12 50
7 13 70
7 14 72
8 9 67
8 10 25
8 11 62
8 12 89
8 13 52
8 14 35
9 10 24
9 11 84
9 12 60
9 13 64
9 14 13
10 11 85
10 12 90
10 13 60
10 14 58
11 12 36
11 13 47
11 14 52
12 13 71
12 14 71
13 14 11
15 112 [0, 1, 2, 3, 4, 5, 6, 7, 8, 9, 10, 11, 12, 13, 14]0 1 74
0 2 78
0 3 33
0 4 66
0 5 21
0 6 8
0 7 67
0 8 18
0 9 97
0 10 85
0 11 12
0 12 20
0 13 28
0 14 95
1 2 97
1 3 29
1 4 50
1 5 11
1 6 94
1 7 36
1 8 52
1 9 74
1 10 35
1 11 49
1 12 44
1 13 28
1 14 91
2 3 60
2 4 97
2 5 42
2 6 37
2 7 37
2 8 79
2 9 53
2 10 6
2 11 36
2 12 80
2 13 96
2 14 63
3 4 4
3 5 98
3 6 21
3 7 6
3 8 76
3 9 25
3 10 67
3 11 51
3 12 11
3 13 18
3 14 86
4 5 30
4 6 53
4 7 35
4 8 87
4 9 11
4 10 55
4 11 19
4 12 6
4 13 68
4 14 90
5 6 10
5 7 10
5 8 44
5 9 86
5 10 9
5 11 97
5 12 74
5 13 55
5 14 8
6 7 12
6 8 74
6 9 8
6 10 91
6 11 71
6 12 8
6 13 25
6 14 10
7 8 5
7 9 33
7 10 43
7 11 100
7 12 55
7 13 46
7 14 58
8 9 18
8 10 63
8 11 16
8 12 98
8 13 59
8 14 83
9 10 93
9 11 40
9 12 88
9 13 60
9 14 56
10 11 17
10 12 7
10 13 23
10 14 31
11 12 5
11 13 56
11 14 82
12 13 62
12 14 10
13 14 61
15 112 [0, 1, 2, 3, 4, 5, 6, 7, 8, 9, 10, 11, 12, 13, 14]0 1 95
0 2 41
0 3 2
0 4 52
0 5 90
0 6 79
0 7 71
0 8 6
0 9 75
0 10 74
0 11 50
0 12 50
0 13 23
0 14 78
1 2 39
1 3 33
1 4 95
1 5 83
1 6 38
1 7 66
1 8 85
1 9 71
1 10 60
1 11 34
1 12 72
1 13 8
1 14 36
2 3 6
2 4 73
2 5 37
2 6 96
2 7 89
2 8 35
2 9 31
2 10 79
2 11 6
2 12 15
2 13 68
2 14 98
3 4 90
3 5 64
3 6 42
3 7 50
3 8 38
3 9 54
3 10 76
3 11 5
3 12 80
3 13 30
3 14 65
4 5 50
4 6 42
4 7 51
4 8 49
4 9 27
4 10 52
4 11 97
4 12 74
4 13 1
4 14 65
5 6 13
5 7 69
5 8 8
5 9 75
5 10 45
5 11 94
5 12 9
5 13 66
5 14 10
6 7 12
6 8 12
6 9 66
6 10 68
6 11 48
6 12 10
6 13 77
6 14 34
7 8 81
7 9 57
7 10 13
7 11 74
7 12 56
7 13 45
7 14 15
8 9 42
8 10 31
8 11 22
8 12 90
8 13 90
8 14 78
9 10 1
9 11 71
9 12 39
9 13 54
9 14 36
10 11 64
10 12 31
10 13 2
10 14 90
11 12 48
11 13 88
11 14 45
12 13 100
12 14 87
13 14 90
15 112 [0, 1, 2, 3, 4, 5, 6, 7, 8, 9, 10, 11, 12, 13, 14]0 1 5
0 2 82
0 3 33
0 4 75
0 5 14
0 6 49
0 7 92
0 8 43
0 9 66
0 10 24
0 11 64
0 12 40
0 13 2
0 14 5
1 2 100
1 3 89
1 4 59
1 5 44
1 6 99
1 7 56
1 8 86
1 9 61
1 10 93
1 11 56
1 12 25
1 13 36
1 14 59
2 3 7
2 4 68
2 5 25
2 6 67
2 7 4
2 8 12
2 9 68
2 10 23
2 11 59
2 12 93
2 13 26
2 14 60
3 4 13
3 5 82
3 6 24
3 7 39
3 8 47
3 9 55
3 10 13
3 11 36
3 12 53
3 13 70
3 14 1
4 5 64
4 6 31
4 7 6
4 8 30
4 9 53
4 10 29
4 11 38
4 12 100
4 13 94
4 14 7
5 6 65
5 7 69
5 8 95
5 9 9
5 10 12
5 11 64
5 12 61
5 13 5
5 14 38
6 7 67
6 8 23
6 9 43
6 10 5
6 11 89
6 12 31
6 13 86
6 14 1
7 8 27
7 9 18
7 10 34
7 11 90
7 12 78
7 13 48
7 14 89
8 9 66
8 10 18
8 11 74
8 12 25
8 13 87
8 14 53
9 10 64
9 11 19
9 12 17
9 13 43
9 14 48
10 11 81
10 12 65
10 13 90
10 14 30
11 12 43
11 13 50
11 14 3
12 13 12
12 14 79
13 14 85
15 112 [0, 1, 2, 3, 4, 5, 6, 7, 8, 9, 10, 11, 12, 13, 14]0 1 21
0 2 52
0 3 20
0 4 20
0 5 31
0 6 6
0 7 78
0 8 100
0 9 47
0 10 21
0 11 49
0 12 53
0 13 44
0 14 47
1 2 42
1 3 24
1 4 64
1 5 66
1 6 27
1 7 97
1 8 31
1 9 59
1 10 25
1 11 48
1 12 55
1 13 92
1 14 27
2 3 32
2 4 70
2 5 2
2 6 89
2 7 59
2 8 52
2 9 70
2 10 55
2 11 78
2 12 21
2 13 19
2 14 84
3 4 4
3 5 95
3 6 7
3 7 46
3 8 45
3 9 4
3 10 20
3 11 50
3 12 98
3 13 18
3 14 64
4 5 2
4 6 40
4 7 15
4 8 72
4 9 90
4 10 65
4 11 14
4 12 38
4 13 43
4 14 56
5 6 40
5 7 6
5 8 28
5 9 48
5 10 97
5 11 37
5 12 56
5 13 66
5 14 30
6 7 80
6 8 55
6 9 50
6 10 13
6 11 92
6 12 28
6 13 85
6 14 20
7 8 4
7 9 80
7 10 46
7 11 44
7 12 3
7 13 28
7 14 76
8 9 57
8 10 32
8 11 13
8 12 1
8 13 44
8 14 62
9 10 68
9 11 39
9 12 95
9 13 84
9 14 29
10 11 46
10 12 54
10 13 85
10 14 87
11 12 78
11 13 79
11 14 20
12 13 36
12 14 84
13 14 93
15 112 [0, 1, 2, 3, 4, 5, 6, 7, 8, 9, 10, 11, 12, 13, 14]0 1 19
0 2 62
0 3 35
0 4 88
0 5 5
0 6 2
0 7 81
0 8 85
0 9 27
0 10 16
0 11 67
0 12 32
0 13 98
0 14 50
1 2 27
1 3 89
1 4 25
1 5 16
1 6 31
1 7 47
1 8 55
1 9 43
1 10 59
1 11 37
1 12 36
1 13 95
1 14 49
2 3 80
2 4 14
2 5 53
2 6 37
2 7 64
2 8 55
2 9 62
2 10 25
2 11 57
2 12 77
2 13 21
2 14 80
3 4 92
3 5 91
3 6 100
3 7 93
3 8 40
3 9 80
3 10 21
3 11 20
3 12 57
3 13 7
3 14 34
4 5 39
4 6 50
4 7 24
4 8 69
4 9 39
4 10 36
4 11 52
4 12 77
4 13 97
4 14 4
5 6 20
5 7 63
5 8 73
5 9 12
5 10 36
5 11 99
5 12 100
5 13 40
5 14 78
6 7 33
6 8 30
6 9 32
6 10 79
6 11 5
6 12 91
6 13 56
6 14 16
7 8 53
7 9 43
7 10 92
7 11 30
7 12 18
7 13 62
7 14 36
8 9 95
8 10 80
8 11 52
8 12 6
8 13 97
8 14 3
9 10 92
9 11 79
9 12 66
9 13 55
9 14 54
10 11 36
10 12 79
10 13 14
10 14 82
11 12 75
11 13 45
11 14 20
12 13 54
12 14 55
13 14 69
15 112 [0, 1, 2, 3, 4, 5, 6, 7, 8, 9, 10, 11, 12, 13, 14]0 1 71
0 2 30
0 3 66
0 4 79
0 5 15
0 6 19
0 7 27
0 8 67
0 9 84
0 10 47
0 11 32
0 12 21
0 13 4
0 14 77
1 2 25
1 3 38
1 4 94
1 5 28
1 6 65
1 7 89
1 8 99
1 9 70
1 10 24
1 11 40
1 12 17
1 13 68
1 14 5
2 3 63
2 4 18
2 5 76
2 6 1
2 7 72
2 8 78
2 9 13
2 10 24
2 11 60
2 12 34
2 13 62
2 14 41
3 4 84
3 5 12
3 6 25
3 7 30
3 8 76
3 9 31
3 10 31
3 11 18
3 12 47
3 13 52
3 14 74
4 5 13
4 6 1
4 7 87
4 8 71
4 9 87
4 10 34
4 11 68
4 12 29
4 13 70
4 14 89
5 6 99
5 7 29
5 8 98
5 9 95
5 10 24
5 11 32
5 12 38
5 13 35
5 14 50
6 7 55
6 8 12
6 9 42
6 10 21
6 11 66
6 12 25
6 13 75
6 14 58
7 8 84
7 9 20
7 10 72
7 11 11
7 12 46
7 13 74
7 14 96
8 9 9
8 10 6
8 11 30
8 12 27
8 13 28
8 14 62
9 10 82
9 11 52
9 12 19
9 13 8
9 14 39
10 11 80
10 12 32
10 13 40
10 14 53
11 12 7
11 13 77
11 14 68
12 13 11
12 14 50
13 14 44
15 112 [0, 1, 2, 3, 4, 5, 6, 7, 8, 9, 10, 11, 12, 13, 14]0 1 29
0 2 91
0 3 88
0 4 30
0 5 79
0 6 75
0 7 30
0 8 47
0 9 54
0 10 89
0 11 32
0 12 93
0 13 33
0 14 53
1 2 25
1 3 55
1 4 67
1 5 46
1 6 96
1 7 21
1 8 77
1 9 40
1 10 27
1 11 14
1 12 29
1 13 64
1 14 52
2 3 51
2 4 31
2 5 11
2 6 93
2 7 9
2 8 98
2 9 50
2 10 80
2 11 13
2 12 35
2 13 24
2 14 7
3 4 60
3 5 79
3 6 93
3 7 26
3 8 51
3 9 73
3 10 51
3 11 47
3 12 3
3 13 24
3 14 97
4 5 96
4 6 73
4 7 30
4 8 43
4 9 43
4 10 24
4 11 59
4 12 56
4 13 68
4 14 3
5 6 64
5 7 99
5 8 48
5 9 29
5 10 60
5 11 45
5 12 20
5 13 80
5 14 64
6 7 56
6 8 71
6 9 54
6 10 27
6 11 43
6 12 92
6 13 90
6 14 85
7 8 60
7 9 48
7 10 30
7 11 78
7 12 14
7 13 48
7 14 38
8 9 58
8 10 19
8 11 51
8 12 6
8 13 66
8 14 8
9 10 72
9 11 4
9 12 59
9 13 71
9 14 3
10 11 51
10 12 73
10 13 86
10 14 18
11 12 11
11 13 8
11 14 1
12 13 2
12 14 79
13 14 98
15 112 [0, 1, 2, 3, 4, 5, 6, 7, 8, 9, 10, 11, 12, 13, 14]0 1 72
0 2 31
0 3 91
0 4 28
0 5 35
0 6 23
0 7 43
0 8 88
0 9 57
0 10 64
0 11 32
0 12 72
0 13 71
0 14 96
1 2 39
1 3 98
1 4 51
1 5 77
1 6 84
1 7 61
1 8 39
1 9 1
1 10 79
1 11 53
1 12 67
1 13 10
1 14 49
2 3 15
2 4 62
2 5 96
2 6 40
2 7 55
2 8 41
2 9 38
2 10 50
2 11 82
2 12 36
2 13 60
2 14 69
3 4 60
3 5 87
3 6 14
3 7 74
3 8 33
3 9 60
3 10 33
3 11 14
3 12 1
3 13 10
3 14 17
4 5 35
4 6 80
4 7 59
4 8 12
4 9 5
4 10 29
4 11 29
4 12 91
4 13 38
4 14 32
5 6 89
5 7 93
5 8 54
5 9 9
5 10 77
5 11 56
5 12 15
5 13 96
5 14 22
6 7 66
6 8 92
6 9 100
6 10 24
6 11 60
6 12 80
6 13 95
6 14 77
7 8 40
7 9 99
7 10 26
7 11 91
7 12 8
7 13 64
7 14 76
8 9 87
8 10 94
8 11 58
8 12 13
8 13 97
8 14 2
9 10 46
9 11 15
9 12 38
9 13 7
9 14 21
10 11 1
10 12 38
10 13 31
10 14 22
11 12 32
11 13 83
11 14 97
12 13 4
12 14 28
13 14 31
15 112 [0, 1, 2, 3, 4, 5, 6, 7, 8, 9, 10, 11, 12, 13, 14]0 1 11
0 2 99
0 3 67
0 4 49
0 5 27
0 6 64
0 7 74
0 8 34
0 9 94
0 10 29
0 11 93
0 12 91
0 13 54
0 14 83
1 2 65
1 3 40
1 4 70
1 5 67
1 6 76
1 7 53
1 8 40
1 9 53
1 10 85
1 11 97
1 12 45
1 13 3
1 14 60
2 3 29
2 4 74
2 5 66
2 6 12
2 7 54
2 8 63
2 9 81
2 10 29
2 11 30
2 12 97
2 13 67
2 14 58
3 4 71
3 5 4
3 6 25
3 7 61
3 8 72
3 9 50
3 10 90
3 11 50
3 12 69
3 13 57
3 14 9
4 5 88
4 6 31
4 7 52
4 8 3
4 9 25
4 10 32
4 11 95
4 12 91
4 13 29
4 14 2
5 6 42
5 7 90
5 8 39
5 9 76
5 10 7
5 11 47
5 12 11
5 13 8
5 14 83
6 7 87
6 8 17
6 9 3
6 10 60
6 11 1
6 12 48
6 13 13
6 14 94
7 8 72
7 9 15
7 10 46
7 11 60
7 12 71
7 13 12
7 14 66
8 9 27
8 10 100
8 11 49
8 12 87
8 13 60
8 14 29
9 10 26
9 11 18
9 12 49
9 13 99
9 14 8
10 11 88
10 12 72
10 13 54
10 14 100
11 12 31
11 13 48
11 14 88
12 13 33
12 14 98
13 14 60
15 112 [0, 1, 2, 3, 4, 5, 6, 7, 8, 9, 10, 11, 12, 13, 14]0 1 12
0 2 85
0 3 49
0 4 18
0 5 91
0 6 42
0 7 42
0 8 49
0 9 44
0 10 14
0 11 100
0 12 49
0 13 31
0 14 79
1 2 76
1 3 37
1 4 60
1 5 7
1 6 32
1 7 3
1 8 50
1 9 1
1 10 99
1 11 15
1 12 56
1 13 19
1 14 23
2 3 20
2 4 16
2 5 61
2 6 73
2 7 98
2 8 87
2 9 58
2 10 16
2 11 94
2 12 68
2 13 87
2 14 26
3 4 7
3 5 68
3 6 94
3 7 13
3 8 41
3 9 15
3 10 72
3 11 17
3 12 14
3 13 9
3 14 73
4 5 6
4 6 38
4 7 17
4 8 14
4 9 7
4 10 85
4 11 23
4 12 81
4 13 92
4 14 41
5 6 41
5 7 38
5 8 41
5 9 38
5 10 59
5 11 26
5 12 72
5 13 92
5 14 41
6 7 9
6 8 79
6 9 21
6 10 6
6 11 62
6 12 60
6 13 19
6 14 23
7 8 7
7 9 34
7 10 88
7 11 6
7 12 76
7 13 81
7 14 59
8 9 29
8 10 48
8 11 43
8 12 30
8 13 28
8 14 83
9 10 1
9 11 86
9 12 53
9 13 5
9 14 88
10 11 28
10 12 30
10 13 32
10 14 19
11 12 49
11 13 69
11 14 76
12 13 40
12 14 94
13 14 8
15 112 [0, 1, 2, 3, 4, 5, 6, 7, 8, 9, 10, 11, 12, 13, 14]0 1 17
0 2 20
0 3 80
0 4 4
0 5 83
0 6 28
0 7 84
0 8 79
0 9 97
0 10 21
0 11 29
0 12 30
0 13 23
0 14 68
1 2 51
1 3 24
1 4 9
1 5 39
1 6 55
1 7 92
1 8 47
1 9 53
1 10 97
1 11 85
1 12 5
1 13 89
1 14 95
2 3 23
2 4 68
2 5 1
2 6 52
2 7 7
2 8 75
2 9 12
2 10 24
2 11 45
2 12 93
2 13 92
2 14 89
3 4 65
3 5 74
3 6 62
3 7 2
3 8 70
3 9 40
3 10 65
3 11 81
3 12 77
3 13 54
3 14 26
4 5 13
4 6 48
4 7 33
4 8 62
4 9 23
4 10 19
4 11 11
4 12 83
4 13 66
4 14 62
5 6 27
5 7 80
5 8 32
5 9 45
5 10 67
5 11 74
5 12 87
5 13 2
5 14 7
6 7 32
6 8 93
6 9 74
6 10 65
6 11 7
6 12 41
6 13 66
6 14 82
7 8 42
7 9 19
7 10 23
7 11 51
7 12 4
7 13 73
7 14 85
8 9 44
8 10 93
8 11 10
8 12 10
8 13 95
8 14 48
9 10 59
9 11 21
9 12 44
9 13 15
9 14 23
10 11 60
10 12 1
10 13 67
10 14 20
11 12 40
11 13 48
11 14 72
12 13 1
12 14 55
13 14 29
15 112 [0, 1, 2, 3, 4, 5, 6, 7, 8, 9, 10, 11, 12, 13, 14]0 1 85
0 2 2
0 3 83
0 4 39
0 5 13
0 6 60
0 7 49
0 8 19
0 9 51
0 10 83
0 11 39
0 12 9
0 13 77
0 14 38
1 2 3
1 3 7
1 4 71
1 5 97
1 6 16
1 7 3
1 8 9
1 9 37
1 10 13
1 11 9
1 12 72
1 13 88
1 14 72
2 3 42
2 4 90
2 5 84
2 6 90
2 7 80
2 8 32
2 9 46
2 10 80
2 11 93
2 12 85
2 13 54
2 14 97
3 4 42
3 5 21
3 6 15
3 7 25
3 8 56
3 9 46
3 10 18
3 11 17
3 12 52
3 13 7
3 14 55
4 5 62
4 6 21
4 7 92
4 8 47
4 9 17
4 10 70
4 11 72
4 12 31
4 13 21
4 14 97
5 6 48
5 7 46
5 8 92
5 9 16
5 10 60
5 11 53
5 12 5
5 13 99
5 14 98
6 7 7
6 8 46
6 9 8
6 10 70
6 11 98
6 12 100
6 13 13
6 14 49
7 8 94
7 9 86
7 10 82
7 11 93
7 12 90
7 13 33
7 14 51
8 9 75
8 10 99
8 11 74
8 12 91
8 13 20
8 14 85
9 10 85
9 11 66
9 12 3
9 13 49
9 14 7
10 11 49
10 12 48
10 13 39
10 14 96
11 12 97
11 13 5
11 14 84
12 13 66
12 14 76
13 14 43
15 112 [0, 1, 2, 3, 4, 5, 6, 7, 8, 9, 10, 11, 12, 13, 14]0 1 51
0 2 29
0 3 14
0 4 5
0 5 76
0 6 71
0 7 59
0 8 54
0 9 94
0 10 62
0 11 30
0 12 28
0 13 89
0 14 48
1 2 32
1 3 45
1 4 32
1 5 99
1 6 60
1 7 29
1 8 15
1 9 65
1 10 87
1 11 82
1 12 82
1 13 39
1 14 40
2 3 39
2 4 35
2 5 32
2 6 100
2 7 37
2 8 25
2 9 4
2 10 2
2 11 57
2 12 66
2 13 24
2 14 9
3 4 32
3 5 68
3 6 70
3 7 38
3 8 77
3 9 84
3 10 72
3 11 58
3 12 76
3 13 42
3 14 13
4 5 32
4 6 83
4 7 25
4 8 14
4 9 41
4 10 64
4 11 35
4 12 59
4 13 4
4 14 88
5 6 68
5 7 94
5 8 65
5 9 79
5 10 37
5 11 91
5 12 50
5 13 78
5 14 93
6 7 82
6 8 5
6 9 50
6 10 25
6 11 93
6 12 72
6 13 6
6 14 7
7 8 31
7 9 62
7 10 42
7 11 4
7 12 38
7 13 71
7 14 9
8 9 85
8 10 93
8 11 83
8 12 3
8 13 9
8 14 73
9 10 1
9 11 1
9 12 78
9 13 11
9 14 36
10 11 65
10 12 5
10 13 58
10 14 19
11 12 60
11 13 71
11 14 41
12 13 96
12 14 48
13 14 62
15 112 [0, 1, 2, 3, 4, 5, 6, 7, 8, 9, 10, 11, 12, 13, 14]0 1 20
0 2 53
0 3 93
0 4 77
0 5 74
0 6 15
0 7 92
0 8 54
0 9 3
0 10 18
0 11 10
0 12 39
0 13 15
0 14 77
1 2 18
1 3 8
1 4 26
1 5 49
1 6 55
1 7 69
1 8 75
1 9 13
1 10 43
1 11 62
1 12 91
1 13 20
1 14 46
2 3 83
2 4 96
2 5 15
2 6 16
2 7 34
2 8 11
2 9 26
2 10 32
2 11 50
2 12 59
2 13 27
2 14 5
3 4 70
3 5 38
3 6 90
3 7 32
3 8 5
3 9 83
3 10 35
3 11 83
3 12 80
3 13 66
3 14 11
4 5 40
4 6 16
4 7 68
4 8 89
4 9 69
4 10 59
4 11 28
4 12 13
4 13 83
4 14 18
5 6 96
5 7 51
5 8 62
5 9 64
5 10 48
5 11 45
5 12 57
5 13 54
5 14 33
6 7 40
6 8 44
6 9 2
6 10 15
6 11 53
6 12 16
6 13 34
6 14 40
7 8 76
7 9 54
7 10 8
7 11 59
7 12 69
7 13 35
7 14 48
8 9 78
8 10 56
8 11 96
8 12 94
8 13 36
8 14 54
9 10 45
9 11 38
9 12 90
9 13 20
9 14 53
10 11 51
10 12 24
10 13 23
10 14 86
11 12 45
11 13 70
11 14 10
12 13 36
12 14 86
13 14 83
15 112 [0, 1, 2, 3, 4, 5, 6, 7, 8, 9, 10, 11, 12, 13, 14]0 1 18
0 2 17
0 3 95
0 4 60
0 5 29
0 6 86
0 7 57
0 8 83
0 9 83
0 10 2
0 11 77
0 12 59
0 13 9
0 14 76
1 2 43
1 3 46
1 4 91
1 5 43
1 6 22
1 7 83
1 8 88
1 9 61
1 10 81
1 11 66
1 12 89
1 13 19
1 14 91
2 3 67
2 4 8
2 5 8
2 6 73
2 7 71
2 8 67
2 9 12
2 10 76
2 11 56
2 12 15
2 13 29
2 14 91
3 4 52
3 5 17
3 6 59
3 7 15
3 8 38
3 9 97
3 10 63
3 11 97
3 12 81
3 13 74
3 14 74
4 5 46
4 6 84
4 7 19
4 8 97
4 9 94
4 10 33
4 11 18
4 12 98
4 13 49
4 14 25
5 6 77
5 7 46
5 8 54
5 9 12
5 10 25
5 11 80
5 12 8
5 13 25
5 14 54
6 7 43
6 8 60
6 9 25
6 10 95
6 11 68
6 12 58
6 13 60
6 14 48
7 8 60
7 9 1
7 10 64
7 11 18
7 12 23
7 13 30
7 14 99
8 9 6
8 10 33
8 11 43
8 12 37
8 13 31
8 14 21
9 10 93
9 11 71
9 12 7
9 13 53
9 14 64
10 11 8
10 12 58
10 13 49
10 14 89
11 12 67
11 13 69
11 14 24
12 13 73
12 14 93
13 14 87
15 112 [0, 1, 2, 3, 4, 5, 6, 7, 8, 9, 10, 11, 12, 13, 14]0 1 10
0 2 24
0 3 35
0 4 92
0 5 78
0 6 65
0 7 49
0 8 7
0 9 21
0 10 7
0 11 74
0 12 16
0 13 90
0 14 17
1 2 84
1 3 60
1 4 51
1 5 35
1 6 92
1 7 68
1 8 41
1 9 35
1 10 23
1 11 49
1 12 79
1 13 54
1 14 52
2 3 29
2 4 75
2 5 72
2 6 68
2 7 14
2 8 48
2 9 41
2 10 58
2 11 36
2 12 89
2 13 43
2 14 75
3 4 88
3 5 79
3 6 25
3 7 62
3 8 88
3 9 27
3 10 72
3 11 79
3 12 66
3 13 52
3 14 8
4 5 59
4 6 20
4 7 74
4 8 28
4 9 63
4 10 60
4 11 40
4 12 76
4 13 50
4 14 70
5 6 21
5 7 74
5 8 67
5 9 16
5 10 85
5 11 92
5 12 83
5 13 29
5 14 93
6 7 26
6 8 46
6 9 8
6 10 32
6 11 87
6 12 95
6 13 29
6 14 42
7 8 20
7 9 87
7 10 46
7 11 83
7 12 43
7 13 48
7 14 34
8 9 28
8 10 41
8 11 37
8 12 93
8 13 54
8 14 80
9 10 27
9 11 17
9 12 81
9 13 81
9 14 11
10 11 96
10 12 76
10 13 69
10 14 100
11 12 4
11 13 98
11 14 84
12 13 72
12 14 26
13 14 27
15 112 [0, 1, 2, 3, 4, 5, 6, 7, 8, 9, 10, 11, 12, 13, 14]0 1 81
0 2 30
0 3 35
0 4 73
0 5 30
0 6 29
0 7 62
0 8 53
0 9 99
0 10 41
0 11 7
0 12 87
0 13 96
0 14 57
1 2 80
1 3 90
1 4 55
1 5 100
1 6 49
1 7 13
1 8 88
1 9 47
1 10 49
1 11 92
1 12 95
1 13 93
1 14 41
2 3 91
2 4 53
2 5 85
2 6 80
2 7 1
2 8 47
2 9 79
2 10 20
2 11 26
2 12 17
2 13 25
2 14 65
3 4 90
3 5 46
3 6 39
3 7 12
3 8 1
3 9 79
3 10 79
3 11 8
3 12 85
3 13 59
3 14 60
4 5 85
4 6 93
4 7 24
4 8 4
4 9 32
4 10 40
4 11 87
4 12 74
4 13 42
4 14 30
5 6 31
5 7 6
5 8 53
5 9 97
5 10 87
5 11 33
5 12 51
5 13 16
5 14 6
6 7 86
6 8 27
6 9 28
6 10 83
6 11 4
6 12 28
6 13 18
6 14 22
7 8 71
7 9 75
7 10 30
7 11 71
7 12 94
7 13 40
7 14 85
8 9 89
8 10 23
8 11 32
8 12 72
8 13 19
8 14 59
9 10 53
9 11 89
9 12 26
9 13 78
9 14 71
10 11 55
10 12 5
10 13 68
10 14 37
11 12 18
11 13 42
11 14 25
12 13 94
12 14 33
13 14 60
15 112 [0, 1, 2, 3, 4, 5, 6, 7, 8, 9, 10, 11, 12, 13, 14]0 1 74
0 2 64
0 3 90
0 4 21
0 5 23
0 6 17
0 7 2
0 8 40
0 9 92
0 10 80
0 11 23
0 12 5
0 13 13
0 14 35
1 2 89
1 3 27
1 4 35
1 5 78
1 6 44
1 7 71
1 8 3
1 9 52
1 10 78
1 11 25
1 12 1
1 13 48
1 14 51
2 3 30
2 4 9
2 5 94
2 6 45
2 7 89
2 8 89
2 9 59
2 10 78
2 11 22
2 12 19
2 13 96
2 14 87
3 4 12
3 5 9
3 6 82
3 7 78
3 8 43
3 9 17
3 10 90
3 11 26
3 12 47
3 13 45
3 14 40
4 5 76
4 6 27
4 7 92
4 8 97
4 9 53
4 10 100
4 11 21
4 12 17
4 13 79
4 14 24
5 6 43
5 7 56
5 8 62
5 9 32
5 10 23
5 11 92
5 12 74
5 13 35
5 14 49
6 7 49
6 8 95
6 9 26
6 10 86
6 11 96
6 12 35
6 13 36
6 14 80
7 8 89
7 9 91
7 10 62
7 11 17
7 12 4
7 13 2
7 14 56
8 9 45
8 10 55
8 11 53
8 12 38
8 13 13
8 14 13
9 10 93
9 11 88
9 12 54
9 13 36
9 14 10
10 11 6
10 12 83
10 13 17
10 14 79
11 12 34
11 13 66
11 14 99
12 13 51
12 14 55
13 14 2
15 112 [0, 1, 2, 3, 4, 5, 6, 7, 8, 9, 10, 11, 12, 13, 14]0 1 2
0 2 46
0 3 27
0 4 42
0 5 96
0 6 44
0 7 59
0 8 79
0 9 74
0 10 60
0 11 28
0 12 92
0 13 29
0 14 23
1 2 94
1 3 62
1 4 11
1 5 66
1 6 42
1 7 50
1 8 61
1 9 76
1 10 97
1 11 42
1 12 36
1 13 74
1 14 75
2 3 85
2 4 69
2 5 16
2 6 56
2 7 50
2 8 60
2 9 13
2 10 85
2 11 74
2 12 35
2 13 17
2 14 66
3 4 90
3 5 66
3 6 90
3 7 15
3 8 35
3 9 21
3 10 92
3 11 59
3 12 24
3 13 5
3 14 94
4 5 76
4 6 86
4 7 47
4 8 51
4 9 51
4 10 11
4 11 87
4 12 80
4 13 42
4 14 60
5 6 83
5 7 3
5 8 25
5 9 9
5 10 81
5 11 89
5 12 54
5 13 51
5 14 15
6 7 75
6 8 55
6 9 8
6 10 72
6 11 35
6 12 22
6 13 19
6 14 36
7 8 91
7 9 95
7 10 97
7 11 40
7 12 3
7 13 10
7 14 72
8 9 80
8 10 60
8 11 31
8 12 53
8 13 31
8 14 23
9 10 29
9 11 62
9 12 71
9 13 16
9 14 39
10 11 71
10 12 3
10 13 11
10 14 88
11 12 12
11 13 56
11 14 45
12 13 34
12 14 14
13 14 68
15 112 [0, 1, 2, 3, 4, 5, 6, 7, 8, 9, 10, 11, 12, 13, 14]0 1 86
0 2 48
0 3 34
0 4 7
0 5 75
0 6 19
0 7 45
0 8 3
0 9 66
0 10 81
0 11 55
0 12 2
0 13 99
0 14 52
1 2 9
1 3 77
1 4 81
1 5 60
1 6 82
1 7 26
1 8 10
1 9 67
1 10 15
1 11 8
1 12 41
1 13 83
1 14 7
2 3 19
2 4 66
2 5 31
2 6 3
2 7 73
2 8 16
2 9 82
2 10 56
2 11 35
2 12 75
2 13 20
2 14 65
3 4 88
3 5 16
3 6 13
3 7 50
3 8 35
3 9 49
3 10 68
3 11 11
3 12 73
3 13 87
3 14 53
4 5 11
4 6 21
4 7 14
4 8 40
4 9 60
4 10 19
4 11 4
4 12 67
4 13 12
4 14 2
5 6 60
5 7 1
5 8 57
5 9 19
5 10 99
5 11 6
5 12 82
5 13 23
5 14 98
6 7 58
6 8 59
6 9 12
6 10 68
6 11 23
6 12 2
6 13 52
6 14 5
7 8 12
7 9 20
7 10 41
7 11 4
7 12 40
7 13 14
7 14 58
8 9 67
8 10 6
8 11 81
8 12 58
8 13 83
8 14 13
9 10 21
9 11 46
9 12 54
9 13 2
9 14 83
10 11 31
10 12 88
10 13 30
10 14 86
11 12 92
11 13 89
11 14 73
12 13 3
12 14 33
13 14 39
15 112 [0, 1, 2, 3, 4, 5, 6, 7, 8, 9, 10, 11, 12, 13, 14]0 1 8
0 2 81
0 3 93
0 4 70
0 5 36
0 6 93
0 7 84
0 8 46
0 9 63
0 10 76
0 11 85
0 12 89
0 13 16
0 14 65
1 2 62
1 3 91
1 4 63
1 5 75
1 6 5
1 7 85
1 8 71
1 9 75
1 10 90
1 11 27
1 12 9
1 13 18
1 14 39
2 3 34
2 4 10
2 5 42
2 6 88
2 7 49
2 8 63
2 9 78
2 10 78
2 11 3
2 12 90
2 13 38
2 14 95
3 4 71
3 5 94
3 6 25
3 7 93
3 8 70
3 9 48
3 10 55
3 11 72
3 12 13
3 13 51
3 14 45
4 5 78
4 6 97
4 7 4
4 8 79
4 9 91
4 10 66
4 11 71
4 12 63
4 13 63
4 14 64
5 6 22
5 7 79
5 8 46
5 9 8
5 10 70
5 11 52
5 12 93
5 13 5
5 14 96
6 7 77
6 8 48
6 9 18
6 10 94
6 11 32
6 12 38
6 13 22
6 14 37
7 8 80
7 9 9
7 10 61
7 11 30
7 12 75
7 13 98
7 14 41
8 9 98
8 10 10
8 11 58
8 12 46
8 13 63
8 14 20
9 10 88
9 11 33
9 12 19
9 13 1
9 14 32
10 11 29
10 12 10
10 13 43
10 14 91
11 12 6
11 13 100
11 14 89
12 13 40
12 14 94
13 14 41
0
