4 4 10
1 3 86
0 1 13
0 2 2
1 2 79
5 7 10
1 3 64
1 2 18
0 3 57
2 3 1
1 4 89
3 4 82
0 4 89
14 62 10
0 3 22
6 12 29
0 12 45
2 3 54
6 9 28
8 10 50
0 11 89
2 6 50
7 13 95
2 13 27
5 12 1
5 6 32
1 9 64
8 13 63
1 4 71
3 7 74
2 12 30
0 4 96
5 7 98
1 2 100
0 9 79
1 7 18
4 12 91
7 9 65
10 11 66
6 11 29
4 11 32
3 6 68
6 10 72
0 13 15
3 11 61
1 6 6
9 13 25
1 10 47
4 13 75
3 8 2
1 5 56
9 11 76
4 6 21
2 4 9
9 10 12
3 4 11
5 11 52
7 11 15
4 10 44
0 2 21
3 13 68
6 8 100
5 13 42
1 11 93
2 10 27
10 12 18
5 8 26
8 12 5
4 8 34
10 13 57
2 5 83
0 5 41
3 5 93
0 6 97
4 5 3
2 9 75
20 2 10
2 6 55
5 13 97
20 101 10
4 14 58
5 7 8
4 5 26
1 17 1
4 9 59
0 10 5
8 14 37
2 3 88
2 7 6
3 6 71
3 10 1
2 13 33
3 9 52
1 19 8
6 11 92
0 17 67
9 15 42
11 12 39
10 14 88
2 6 93
6 7 13
10 17 79
3 16 82
4 16 27
12 18 60
3 15 20
0 14 39
3 7 72
4 17 19
0 11 6
0 9 76
6 19 96
5 11 29
10 13 48
14 18 97
8 16 22
15 16 51
0 5 83
3 5 60
13 19 75
1 9 19
13 18 4
3 17 54
1 5 13
6 17 20
2 8 96
10 12 35
0 8 59
0 19 23
11 14 63
5 17 95
7 11 26
2 16 23
3 13 43
0 15 74
10 16 20
2 10 35
4 10 33
16 19 31
3 12 97
6 14 50
0 3 23
5 19 64
10 18 75
15 19 96
9 17 100
1 15 86
2 9 84
8 12 28
17 19 69
4 15 26
1 10 53
9 11 45
7 19 36
6 10 6
4 19 70
12 15 85
1 18 66
9 14 92
4 13 21
15 18 50
16 18 17
4 7 18
10 15 74
0 13 16
3 4 7
9 16 94
11 19 34
8 15 66
3 8 2
3 18 21
5 13 37
0 1 71
11 18 50
2 18 4
13 17 6
7 14 21
5 6 94
4 6 72
11 13 34
7 13 48
20 159 10
5 11 92
5 9 37
5 17 51
6 9 60
15 18 47
10 11 43
5 8 44
0 19 34
15 16 61
2 14 61
10 16 29
10 18 42
14 17 6
1 13 60
3 8 24
9 10 24
7 19 81
8 18 35
2 12 81
5 10 100
2 4 6
4 12 35
12 15 40
4 8 41
13 16 44
1 4 56
8 11 100
3 11 62
9 15 80
18 19 33
2 19 72
3 7 90
16 19 40
1 16 87
0 4 79
15 19 47
6 14 62
2 5 96
2 10 34
8 17 78
1 12 37
3 5 59
3 12 29
11 17 24
3 13 60
2 17 87
4 11 59
9 18 23
7 18 40
4 18 65
12 17 32
4 19 92
2 6 19
14 16 8
1 6 78
8 10 74
6 15 81
16 18 33
0 13 80
5 12 71
0 9 3
15 17 96
7 11 38
7 8 89
6 7 38
13 15 3
8 14 94
1 7 25
13 17 27
9 19 88
14 18 47
4 14 26
0 16 89
6 19 55
11 14 39
8 19 90
0 15 39
4 10 43
11 13 39
10 17 91
7 12 34
11 18 20
10 14 20
3 6 92
1 10 1
5 18 36
4 17 81
0 14 58
6 8 88
14 19 50
13 14 2
9 13 94
10 19 61
6 13 47
1 2 37
3 10 45
11 16 43
16 17 73
3 14 55
6 11 22
0 12 60
2 13 40
0 10 27
0 2 79
5 7 53
7 15 78
6 12 46
17 19 67
10 13 75
12 19 73
2 3 73
0 3 77
1 3 15
4 16 20
5 16 21
1 18 95
6 10 20
2 8 95
11 12 16
6 16 95
8 16 48
0 8 13
2 11 56
17 18 81
10 15 7
2 9 33
7 9 29
8 12 52
10 12 60
1 15 60
12 18 58
5 14 27
4 5 66
12 13 93
0 1 51
14 15 10
7 17 77
3 16 80
12 16 87
11 15 71
0 18 49
3 19 27
8 15 61
0 11 56
5 19 4
1 14 84
6 17 96
13 19 53
1 11 47
7 13 49
9 16 37
7 16 76
4 15 72
1 19 87
3 15 78
6 18 85
9 17 81
4 7 59
7 14 87
21 64 10
3 6 33
1 11 47
0 16 38
12 15 20
8 16 2
6 15 86
18 19 60
13 19 24
17 18 66
7 11 89
6 19 49
4 18 13
10 18 78
2 3 7
11 14 94
14 17 31
11 18 62
2 9 78
7 12 87
9 20 63
0 8 83
0 6 40
6 9 100
7 13 65
4 19 23
0 20 90
2 8 95
9 17 87
0 17 93
2 12 35
3 18 37
0 14 52
3 10 53
13 14 96
5 17 4
15 16 21
12 19 83
6 13 24
1 15 10
9 10 2
15 18 42
1 19 25
3 20 18
9 18 58
12 18 43
11 13 6
14 15 42
6 16 86
5 10 42
6 10 24
12 16 41
8 11 6
9 19 15
10 16 62
2 20 23
12 17 18
1 20 89
7 15 98
5 18 45
3 19 80
4 9 6
13 20 70
8 12 15
2 18 100
20 50 10
1 5 50
2 17 29
0 11 99
0 18 25
15 17 24
0 17 30
10 17 23
8 10 83
16 19 23
7 17 69
8 9 65
8 15 40
11 14 88
0 13 90
1 8 3
8 14 87
3 17 61
5 8 70
3 9 69
17 18 91
4 9 37
6 10 90
0 19 69
6 14 34
5 17 67
10 12 55
7 8 48
2 15 15
4 5 43
1 12 19
8 11 67
14 18 16
12 13 50
5 9 51
3 11 97
12 19 15
0 4 99
3 6 58
5 13 47
5 16 6
4 16 14
16 18 60
9 18 60
4 8 47
8 12 70
6 12 89
9 13 3
0 15 88
0 1 58
1 15 69
19 10 10
0 17 20
2 17 51
9 13 4
4 16 75
6 12 45
13 16 99
2 16 37
3 6 51
11 13 29
2 14 73
1 0 10
14 13 10
3 12 62
4 10 40
0 1 17
8 9 52
1 13 44
7 8 90
4 12 31
8 10 35
10 12 11
7 9 53
3 10 38
0 7 59
1 6 22
11 41 10
6 10 95
1 9 80
2 6 81
1 8 43
4 7 15
5 9 10
3 10 84
1 2 6
6 9 75
5 7 89
3 8 89
1 10 70
1 6 94
9 10 94
4 9 64
2 10 40
0 2 34
7 10 47
2 9 35
0 7 52
4 8 84
1 4 38
8 10 85
0 4 71
5 6 13
6 8 22
1 3 6
3 9 84
8 9 55
0 5 9
3 7 4
1 7 23
0 1 23
5 8 47
2 4 71
6 7 94
2 5 52
0 6 22
3 4 12
2 7 36
7 8 47
11 23 10
3 4 58
3 8 48
8 10 72
6 10 52
2 8 99
2 3 93
3 9 60
3 7 39
7 9 36
0 1 18
2 10 41
7 8 98
1 7 62
6 9 35
6 8 80
0 6 96
1 6 10
5 10 4
4 8 39
4 10 65
0 4 73
0 5 81
3 10 43
17 10 10
2 5 71
15 16 63
1 4 9
14 15 85
0 9 59
3 12 64
12 15 21
4 10 8
9 10 88
8 11 38
12 53 10
4 9 59
0 11 3
8 11 36
3 6 87
5 9 56
5 8 76
0 1 10
4 6 79
2 5 62
3 5 84
3 11 34
0 9 77
2 7 95
7 10 29
2 3 65
1 2 89
4 5 63
2 9 80
4 11 27
1 9 10
8 9 16
1 6 73
6 10 30
6 8 51
7 9 45
1 3 50
4 8 53
1 4 43
1 5 93
8 10 73
6 9 42
0 5 73
0 3 95
2 8 91
6 11 29
9 11 23
6 7 80
2 10 76
2 6 7
3 7 70
5 6 77
9 10 17
0 6 21
1 10 54
1 7 71
0 8 48
3 9 17
4 7 100
0 2 24
7 11 27
2 4 52
1 8 27
1 11 40
3 1 10
0 1 86
15 83 10
0 12 27
1 14 46
8 9 67
3 7 40
1 4 44
0 13 47
9 13 40
4 14 64
4 12 96
12 14 20
10 14 17
0 6 68
6 13 23
6 14 92
4 11 28
3 8 38
5 7 27
2 4 5
0 1 38
0 9 38
7 13 31
2 13 41
3 10 21
1 2 81
3 11 10
4 9 71
1 7 76
2 5 51
2 12 78
1 5 91
5 8 61
5 6 12
3 4 43
8 11 77
0 7 14
11 14 88
0 3 79
3 13 4
8 10 6
3 6 73
12 13 60
0 5 40
2 14 8
1 10 15
6 10 47
5 14 16
6 12 99
5 9 39
1 12 39
8 14 94
13 14 59
6 9 30
7 11 46
11 13 86
7 8 72
3 9 70
2 11 48
9 14 45
0 4 67
2 6 25
0 14 80
0 11 22
6 7 14
5 12 71
7 14 83
2 8 34
8 13 43
4 13 85
6 8 95
1 3 37
2 9 51
9 11 87
4 8 24
7 10 14
10 12 48
4 6 52
10 11 25
0 10 84
2 3 52
11 12 9
5 10 42
1 13 12
4 5 96
17 58 10
10 15 71
2 9 12
5 12 14
1 3 98
1 8 75
8 11 15
12 15 99
6 16 76
2 13 80
4 7 84
14 16 57
0 13 94
1 11 76
7 10 34
7 13 73
6 9 55
1 9 1
5 8 83
3 9 7
4 15 31
0 15 71
2 10 49
11 15 100
9 16 42
9 11 56
13 15 78
15 16 5
2 7 66
5 16 34
3 14 33
3 15 4
4 6 8
5 6 62
4 16 94
4 5 77
7 15 49
8 14 56
0 3 71
0 10 2
6 11 52
11 13 30
1 14 93
3 16 32
0 7 64
2 6 47
5 10 8
12 16 52
2 12 87
7 12 57
3 12 85
10 13 86
1 7 70
2 16 29
0 4 78
3 8 98
7 11 91
8 10 7
0 5 50
0 0 10
8 17 10
5 6 52
3 7 30
0 6 76
2 5 5
2 3 7
3 6 4
2 4 78
4 7 76
0 4 80
0 2 78
3 5 77
0 7 40
5 7 21
4 6 90
0 5 50
1 2 52
6 7 91
20 23 10
2 10 54
7 16 81
4 13 12
12 15 86
10 13 91
3 12 49
9 14 36
5 12 42
2 3 85
5 7 68
1 2 14
6 9 23
5 17 13
15 16 98
12 16 21
7 14 75
6 10 99
8 14 90
4 12 29
5 19 69
1 12 43
4 6 40
0 11 59
20 116 10
0 4 25
6 10 86
4 9 98
0 1 52
0 14 77
16 19 26
2 11 39
13 19 47
6 11 36
6 18 100
4 10 45
6 13 79
0 15 19
5 17 97
9 12 44
6 8 5
1 3 68
12 13 84
0 16 65
7 11 30
11 12 6
10 13 63
0 11 44
10 17 19
10 16 91
9 10 14
5 18 45
12 15 23
11 15 11
7 8 12
2 3 84
0 13 19
8 10 38
8 19 47
1 17 97
5 9 25
8 13 57
12 19 57
4 6 94
10 18 96
17 19 21
1 5 51
2 18 55
8 17 13
4 12 25
0 8 67
3 9 86
3 13 78
1 11 2
2 17 68
6 15 73
14 17 62
0 17 46
14 16 20
3 6 25
9 14 9
7 13 35
1 14 46
7 16 74
1 7 85
3 18 84
7 12 61
6 19 71
0 10 99
6 12 58
4 7 38
10 15 64
3 7 27
1 16 78
0 5 88
7 19 32
0 12 15
0 9 100
3 14 98
8 12 81
11 14 25
13 17 30
12 14 96
3 11 47
9 19 45
5 19 84
3 16 18
2 19 47
5 15 72
2 12 55
12 17 14
17 18 77
3 10 100
3 5 78
3 12 19
8 11 57
11 16 44
4 15 44
11 17 65
9 15 93
5 11 9
2 9 6
3 4 61
1 18 88
1 4 14
5 13 82
5 14 44
6 17 64
1 8 34
2 14 10
12 16 93
13 14 99
13 15 29
2 5 3
4 19 12
3 8 10
10 11 2
15 17 68
3 15 28
0 3 35
10 12 88
13 64 10
5 10 22
3 5 42
1 5 64
1 9 91
8 10 25
1 2 85
2 4 86
2 10 74
0 2 83
7 9 88
2 9 3
1 11 60
3 8 90
0 7 53
0 9 45
4 10 36
0 4 2
4 5 70
3 9 50
3 12 76
5 12 86
5 6 72
3 7 86
7 12 95
2 12 96
6 8 99
7 11 75
9 10 28
1 4 79
4 8 84
3 11 89
8 12 10
8 11 1
5 9 78
1 6 52
6 7 59
7 8 9
2 8 88
2 5 6
6 12 6
4 12 91
4 6 48
1 3 13
5 7 5
9 12 74
0 11 21
3 10 84
4 9 100
2 7 60
0 6 58
1 12 8
4 11 83
3 4 32
0 10 12
5 8 19
0 8 49
6 10 57
11 12 55
0 3 94
7 10 42
6 9 14
5 11 87
2 6 100
1 8 24
0 0 10
22 193 10
14 18 24
7 18 96
3 11 57
1 15 15
2 15 57
11 19 64
12 15 93
5 8 99
1 6 37
7 8 41
5 7 67
6 14 37
1 20 60
5 6 1
1 13 20
14 16 39
6 16 26
3 5 81
8 9 65
9 14 9
5 17 87
4 10 36
1 4 60
0 17 56
15 20 34
2 14 60
16 17 46
4 8 31
0 9 100
12 17 85
9 19 24
10 13 84
0 15 34
0 2 1
4 21 50
6 15 13
13 20 72
2 11 33
1 21 84
5 13 27
7 10 70
4 6 85
0 3 7
4 9 92
1 18 44
1 7 41
0 19 26
8 11 78
18 21 40
11 17 17
7 19 18
12 13 12
4 19 44
7 12 79
1 11 96
9 17 47
14 15 24
11 12 46
10 20 3
2 12 81
8 16 65
12 20 61
2 10 21
10 15 23
1 12 32
10 11 76
2 4 3
0 7 4
13 19 86
3 9 74
17 19 71
3 16 51
3 15 52
4 16 72
5 18 76
2 16 57
13 16 82
2 7 8
0 5 66
0 4 75
11 18 73
0 1 8
16 19 17
9 20 7
16 18 48
4 17 57
6 18 95
9 11 79
0 8 49
14 17 10
2 9 43
2 20 1
0 21 65
12 16 36
4 18 100
3 17 40
7 17 11
0 6 8
3 10 37
1 8 90
0 16 50
17 18 74
0 20 4
5 19 96
10 14 25
17 20 21
3 20 61
9 13 93
5 12 98
6 7 8
10 12 47
2 6 98
5 16 47
16 20 30
13 17 79
5 11 27
3 7 78
6 17 92
9 16 5
8 18 24
19 20 41
6 10 94
4 7 40
5 15 77
13 21 83
7 21 13
1 5 40
11 16 1
0 10 28
6 8 80
8 14 59
12 18 12
5 9 17
11 21 14
7 11 85
5 20 5
4 13 79
11 13 29
3 21 12
10 16 48
9 12 7
2 13 69
11 14 52
7 15 68
0 14 75
6 19 59
9 18 57
9 15 67
3 8 90
11 15 88
18 19 66
14 19 80
15 18 77
15 17 60
8 12 48
0 12 29
3 4 71
1 10 40
10 17 25
7 9 78
13 15 89
17 21 58
8 21 82
11 20 80
2 8 70
0 18 26
8 15 78
1 2 66
2 3 45
6 13 99
0 13 12
1 3 85
14 20 23
7 20 63
3 18 29
13 18 52
9 10 38
9 21 86
15 21 1
2 19 32
4 5 62
7 16 75
18 20 56
15 19 21
0 11 71
1 14 9
8 13 97
1 19 48
2 17 51
3 14 50
1 9 60
1 16 45
8 10 68
19 70 10
2 11 13
11 12 22
7 12 86
13 17 24
14 17 85
2 5 87
17 18 42
6 11 44
0 8 98
4 15 82
1 15 90
12 16 93
5 7 84
3 5 17
9 16 79
10 16 11
1 18 20
2 4 84
1 12 86
0 9 78
8 10 95
1 10 56
9 15 83
12 13 79
7 18 52
3 6 21
6 16 25
4 11 56
13 16 82
3 16 95
0 18 56
0 15 50
10 14 70
0 1 52
8 9 52
9 17 15
0 5 30
2 7 45
3 13 95
12 18 66
8 14 8
6 9 38
2 16 38
15 17 61
7 14 12
1 7 52
3 14 67
3 15 24
16 17 57
6 7 32
2 6 96
9 12 93
5 9 75
9 11 19
5 6 11
9 14 28
14 15 59
7 9 85
2 17 82
3 9 88
6 10 34
6 14 54
1 4 90
6 15 56
3 4 23
16 18 80
0 3 47
0 14 82
1 3 23
11 15 13
12 59 10
6 9 66
2 7 63
0 1 5
7 9 92
2 6 81
1 11 17
3 11 63
1 10 89
2 5 53
5 11 18
0 2 75
4 8 80
4 10 82
6 7 100
1 7 83
1 4 88
7 8 27
3 5 48
4 11 65
2 8 92
1 9 69
1 6 27
1 5 82
2 9 85
6 11 22
3 9 64
0 8 48
5 9 84
1 8 81
10 11 65
5 8 10
8 9 19
0 9 36
3 7 36
0 11 38
1 3 54
6 8 95
0 5 49
0 4 53
9 10 31
8 11 43
2 11 56
2 10 73
6 10 1
7 10 42
7 11 39
9 11 74
2 3 64
8 10 76
0 6 52
4 9 13
5 6 52
4 5 46
4 7 78
2 4 88
1 2 90
3 4 33
3 10 90
0 10 51
8 0 10
6 6 10
0 1 12
1 2 34
0 3 45
2 4 22
0 2 21
2 5 53
8 10 10
2 6 28
3 4 53
0 6 95
2 7 87
3 6 74
4 6 43
0 1 86
3 7 23
1 6 11
4 7 11
7 10 10
0 5 35
2 3 46
2 4 1
4 5 38
3 4 64
4 6 16
2 5 86
0 1 32
3 6 1
1 5 4
11 24 10
3 8 3
6 8 80
4 10 57
3 7 63
5 8 87
4 8 22
2 5 15
4 5 9
3 9 43
5 9 2
2 3 79
1 9 82
4 9 97
1 10 74
1 7 58
8 9 65
6 9 12
4 6 53
2 9 32
2 10 40
0 1 6
0 5 89
1 6 42
7 10 55
9 36 10
1 5 89
2 8 10
2 4 3
0 1 24
4 5 100
5 6 38
0 7 89
1 3 78
0 3 85
1 2 5
2 6 28
0 2 20
6 8 74
1 4 72
0 4 42
6 7 54
0 5 99
4 7 12
4 8 60
0 6 95
5 8 73
2 3 67
7 8 68
3 5 60
2 7 12
1 8 71
5 7 85
0 8 2
3 6 50
3 7 85
3 8 71
1 7 87
4 6 47
2 5 99
3 4 29
1 6 21
1 0 10
23 35 10
1 16 59
11 22 43
3 21 57
1 22 20
1 3 96
0 19 38
0 8 69
10 18 33
3 9 43
5 14 72
11 19 68
4 9 21
8 9 28
3 22 58
5 15 16
1 8 9
7 11 18
20 21 4
1 14 21
2 22 52
2 18 78
7 19 9
11 16 86
12 19 40
6 18 80
10 15 93
0 7 80
6 10 76
0 2 99
2 8 7
9 14 21
8 11 67
9 13 90
12 20 3
13 20 43
4 6 10
2 3 82
1 3 77
0 1 98
0 3 1
1 2 63
0 2 3
13 45 10
4 10 1
1 8 77
2 5 89
6 8 39
3 8 55
4 6 17
4 11 14
1 9 99
6 12 36
0 7 64
5 8 22
0 11 40
3 9 3
7 10 21
0 4 18
2 11 13
9 12 23
3 12 36
0 9 33
0 2 73
5 9 75
10 11 74
6 7 37
1 7 50
0 12 37
6 10 34
7 8 64
7 12 19
1 6 40
6 11 44
7 9 63
4 12 4
8 9 77
1 4 3
5 12 78
3 4 35
2 9 27
8 10 62
1 2 98
7 11 86
5 6 83
2 4 61
1 5 38
2 6 62
5 11 88
15 1 10
0 6 4
22 109 10
10 18 36
0 1 96
3 15 87
11 15 66
13 17 56
6 20 20
4 8 16
4 16 74
0 16 84
2 19 100
10 15 83
5 10 20
3 19 59
10 21 13
9 21 89
1 4 69
4 18 66
2 3 96
8 9 13
5 16 98
7 16 13
0 2 17
3 7 91
5 6 34
0 12 85
6 13 78
0 10 30
1 13 56
1 5 30
5 21 53
6 16 54
9 11 31
7 15 60
5 19 96
4 10 84
5 8 30
6 15 84
4 12 83
12 19 48
15 21 90
16 19 65
13 18 92
10 16 10
6 12 87
1 21 76
6 7 95
8 20 93
8 12 21
0 19 76
11 18 46
12 20 8
13 16 43
0 9 30
10 20 33
3 6 16
18 20 17
11 20 5
6 18 80
1 19 17
14 16 6
1 6 81
6 11 70
2 6 53
5 11 3
0 7 73
1 12 65
12 14 63
10 17 75
17 20 8
9 10 31
5 7 71
3 17 68
2 8 48
2 21 97
6 14 85
8 10 32
9 13 50
8 16 96
8 14 68
7 21 11
3 16 55
12 16 13
1 7 42
16 20 77
0 15 43
3 13 30
1 3 63
0 17 72
13 20 57
2 13 48
0 14 27
1 15 40
19 20 52
14 19 78
13 19 40
3 9 26
3 18 41
9 19 95
7 9 52
11 13 78
8 21 56
6 9 96
5 20 35
2 15 29
9 16 89
18 19 72
11 12 23
11 19 33
12 17 23
12 63 10
5 10 92
0 6 60
4 9 61
2 7 95
2 4 52
2 6 61
0 8 49
4 10 30
2 10 23
2 11 36
0 7 53
8 11 92
4 6 74
0 4 8
3 10 69
8 10 94
3 11 50
3 8 38
1 6 57
7 11 5
1 8 10
4 11 53
1 2 98
7 8 18
6 9 97
4 5 63
3 9 60
4 8 15
5 7 74
5 8 59
5 11 1
6 8 68
2 9 45
0 10 35
10 11 17
2 3 15
3 7 42
4 7 77
0 1 58
0 9 2
5 6 90
1 5 32
2 8 16
7 10 92
6 10 29
0 11 57
5 9 76
9 11 96
0 5 58
1 4 98
1 7 36
9 10 96
1 3 20
0 3 58
3 6 21
1 11 68
2 5 58
8 9 61
3 5 57
7 9 89
6 11 12
1 9 86
3 4 37
22 138 10
1 5 23
10 14 69
12 20 46
10 19 67
15 16 22
0 8 25
14 21 37
2 4 34
8 20 52
11 20 12
1 14 11
9 10 91
4 16 16
5 16 75
11 15 27
0 13 41
10 13 68
6 10 28
3 6 2
1 18 52
14 18 92
0 16 83
4 12 54
10 21 69
5 11 76
20 21 26
1 20 89
2 5 52
15 18 76
17 21 5
3 12 53
8 18 97
5 6 10
1 12 58
2 3 6
0 14 65
10 17 96
12 21 80
4 19 2
4 17 32
5 19 74
6 15 30
4 7 85
8 21 4
2 7 12
8 19 17
0 15 73
4 13 62
9 16 84
16 20 57
3 17 45
3 7 86
16 21 43
2 12 16
0 2 49
8 17 77
0 10 88
3 11 35
11 18 90
16 17 40
5 18 40
4 20 84
0 4 50
15 20 50
0 6 51
6 19 43
6 21 5
0 9 16
10 18 98
11 21 47
2 19 33
8 11 99
6 16 54
15 17 10
0 18 50
16 19 33
10 20 16
12 14 36
1 15 77
12 13 46
0 5 89
1 10 65
5 17 13
2 9 20
0 3 83
6 12 95
3 8 75
1 17 90
2 21 56
19 21 84
9 17 24
14 17 16
1 16 63
2 15 51
3 15 3
18 21 32
1 11 14
1 3 35
9 11 16
6 13 86
17 18 65
13 16 23
3 13 23
3 19 26
13 15 48
4 21 15
9 12 86
12 17 8
13 19 9
7 11 85
11 16 78
8 15 6
5 12 50
4 18 35
0 12 9
12 19 54
3 20 73
8 9 14
4 14 87
4 11 87
0 19 59
2 10 41
10 11 72
3 10 62
11 14 14
8 12 68
5 15 45
2 11 67
3 5 88
10 16 22
12 16 82
10 12 19
2 6 42
14 20 89
8 16 47
6 9 89
5 9 82
6 17 79
18 111 10
3 13 15
3 5 31
11 15 92
11 14 79
5 10 37
12 16 19
3 11 80
0 4 42
0 3 84
0 13 95
2 7 8
8 17 70
1 8 35
1 17 77
15 16 63
1 12 92
6 17 44
13 16 77
3 6 13
8 10 57
4 12 67
11 13 76
15 17 80
10 14 41
12 15 74
6 7 32
3 15 90
5 6 99
0 11 41
0 16 13
4 17 43
1 13 54
2 6 81
0 2 91
2 14 39
5 16 80
1 3 85
14 16 83
7 8 15
8 13 82
10 11 7
5 17 95
1 4 41
3 17 39
8 11 57
2 4 20
8 16 21
0 9 52
2 13 47
9 10 38
12 14 99
2 9 32
8 9 88
3 14 8
4 8 85
7 11 24
8 12 30
16 17 14
6 10 78
1 14 89
5 9 84
4 14 58
11 16 98
2 5 14
3 4 63
9 14 38
9 17 74
10 16 31
1 10 41
8 15 8
9 16 59
2 15 69
6 15 36
6 9 52
1 7 100
0 7 46
3 7 70
2 10 23
1 5 89
7 14 23
1 6 69
6 13 40
5 13 94
2 3 15
5 14 95
11 12 89
5 8 69
1 2 47
14 17 79
4 10 9
2 16 47
7 10 42
5 15 22
10 13 44
4 5 21
9 15 96
7 13 41
6 8 84
7 17 68
2 11 92
12 17 93
9 11 96
3 16 68
4 6 100
1 15 82
13 17 20
1 11 43
4 9 25
5 7 82
3 8 96
6 12 71
8 4 10
2 7 75
3 7 17
0 1 92
2 6 35
9 31 10
6 7 17
3 4 53
1 6 58
1 4 48
3 5 84
0 4 62
2 4 73
0 2 44
2 6 15
4 6 54
1 7 98
3 6 35
3 8 70
4 8 35
7 8 14
0 1 1
0 8 95
3 7 37
0 7 68
5 8 86
1 8 49
1 3 56
2 8 45
2 3 79
5 6 51
0 6 41
4 5 52
2 5 38
1 2 27
5 7 19
6 8 62
18 150 10
11 17 99
6 15 90
1 5 44
16 17 65
2 9 71
7 17 7
12 16 62
0 4 30
2 7 31
0 16 39
8 16 10
4 9 98
9 17 61
0 15 18
6 10 14
0 10 92
0 13 97
3 5 12
1 3 37
7 10 33
9 13 24
4 6 68
5 6 42
9 10 75
4 5 99
3 15 35
7 11 19
1 14 75
4 10 65
2 8 76
2 4 94
5 8 68
7 15 91
10 11 14
3 9 33
1 6 26
0 14 71
8 17 52
8 11 21
0 6 57
0 9 4
7 14 44
14 16 88
1 9 67
10 17 57
6 16 2
2 5 81
6 8 43
5 12 29
12 14 24
1 16 47
0 5 35
5 16 67
11 13 76
2 10 99
1 4 94
0 8 28
6 17 46
13 17 43
13 16 9
1 10 11
1 17 26
11 12 61
8 9 76
9 14 57
8 12 9
10 12 60
6 13 10
10 13 36
5 17 5
3 7 50
4 14 68
7 9 27
11 14 85
2 16 51
7 13 68
10 15 25
2 12 17
2 11 59
7 16 100
4 16 12
9 12 52
14 17 36
9 15 30
3 14 81
8 13 3
6 14 31
3 6 30
0 2 99
14 15 85
2 13 45
10 16 53
0 17 63
6 9 70
5 15 5
6 7 14
1 7 100
2 3 82
5 11 73
4 8 56
2 6 34
6 11 62
12 13 40
4 11 66
1 8 16
3 4 47
7 8 26
1 2 67
11 15 51
5 13 69
0 3 50
0 11 45
4 7 15
15 17 8
3 11 40
13 15 91
4 12 17
1 11 94
6 12 7
0 12 73
8 10 67
3 8 25
4 15 14
5 9 86
13 14 8
8 15 77
3 10 52
5 7 23
8 14 95
11 16 91
12 17 73
0 7 39
9 16 10
9 11 48
5 14 77
12 15 86
2 17 96
4 17 12
3 13 48
15 16 1
3 16 27
3 12 98
10 14 29
5 10 29
2 15 29
2 14 38
0 1 57
4 13 72
1 15 40
1 13 17
6 11 10
1 2 72
0 4 99
0 2 26
4 5 59
0 3 37
1 5 90
3 4 89
1 3 89
3 5 67
0 1 89
0 5 45
6 7 10
0 2 94
2 3 17
2 5 80
3 4 81
1 5 3
0 1 28
1 3 51
13 26 10
1 10 67
1 8 44
3 4 2
1 9 53
8 12 37
4 10 56
1 3 34
4 7 12
3 8 65
6 8 90
0 6 76
10 11 76
5 8 34
4 12 93
2 5 66
9 12 36
11 12 81
0 5 53
0 9 27
7 12 62
4 6 73
4 5 80
2 12 98
0 4 80
1 2 50
2 10 8
8 20 10
0 5 13
5 7 99
0 6 7
3 4 6
5 6 99
1 3 69
2 6 94
0 2 21
3 6 78
1 4 6
3 5 38
1 5 20
0 3 54
2 4 69
1 2 56
6 7 44
0 7 92
4 6 47
0 4 71
4 5 15
12 62 10
0 11 72
2 6 38
4 6 42
6 11 86
5 7 26
4 9 33
3 7 97
2 8 51
2 7 78
10 11 36
4 7 43
1 11 79
8 10 47
1 7 8
9 10 1
1 6 83
7 11 18
0 1 91
2 11 53
7 8 49
0 10 42
0 5 15
0 7 34
0 4 99
2 10 52
1 4 10
9 11 95
0 9 31
7 9 56
5 11 19
1 2 93
8 9 77
1 3 65
5 10 99
6 9 77
4 11 99
3 6 91
3 5 81
3 10 29
0 2 78
1 10 6
6 8 32
8 11 54
4 8 39
1 5 8
3 8 56
5 6 3
5 8 78
4 10 11
2 5 36
5 9 29
0 3 53
1 9 72
1 8 10
2 9 12
0 8 18
7 10 97
6 10 90
2 4 78
4 5 29
6 7 71
3 9 7
3 0 10
14 85 10
11 12 4
5 9 22
1 4 10
4 12 95
1 13 28
10 11 40
2 9 46
1 7 78
7 8 17
0 13 70
0 11 84
4 5 8
5 13 90
0 7 51
8 12 76
3 10 80
6 7 88
4 13 49
6 9 69
3 13 77
6 10 1
2 13 79
5 6 33
1 11 27
4 10 70
1 3 73
3 8 16
2 5 16
2 12 46
1 8 18
7 11 40
7 13 43
6 12 19
0 1 2
7 12 1
3 7 37
4 11 69
3 12 20
6 8 57
0 5 22
2 4 20
3 11 58
1 5 86
2 10 58
0 6 38
8 9 79
8 13 5
11 13 99
9 10 8
10 13 89
1 6 76
7 10 24
3 6 97
6 13 23
9 11 71
0 10 82
4 8 56
0 12 90
5 12 66
0 3 18
1 2 21
5 10 75
10 12 80
4 7 19
2 11 44
3 4 50
0 8 22
1 9 53
7 9 2
3 5 12
9 13 23
5 8 100
2 3 87
3 9 11
1 10 98
5 7 57
0 2 89
9 12 73
8 11 43
8 10 26
0 9 6
1 12 6
2 7 86
4 9 52
0 4 76
3 3 10
1 2 79
0 1 60
0 2 12
6 15 10
1 4 53
1 2 68
2 5 61
0 1 10
3 4 21
1 5 28
0 3 78
0 5 38
2 4 26
2 3 10
1 3 14
0 4 82
4 5 32
0 2 86
3 5 98
8 5 10
5 6 27
3 7 24
1 2 76
2 5 79
3 5 91
18 106 10
14 15 89
1 17 50
5 6 30
13 16 86
14 16 11
0 15 16
9 11 11
12 16 85
5 14 74
0 10 21
7 15 12
2 12 14
0 13 32
4 5 94
10 11 27
5 15 11
0 8 44
5 12 35
4 6 70
4 10 7
3 16 34
7 17 37
2 5 100
6 10 96
1 13 6
5 7 14
13 17 55
2 14 60
9 16 76
7 14 70
0 1 79
0 5 14
11 15 42
4 14 72
4 9 5
8 14 85
3 14 38
0 9 81
3 11 52
8 9 4
11 14 49
6 8 68
7 16 95
6 12 35
3 4 76
1 16 45
12 17 59
7 13 46
2 15 21
1 9 40
5 10 8
5 16 64
2 9 44
2 16 56
5 17 45
12 14 24
1 2 77
2 3 17
4 7 80
8 16 64
0 6 65
0 14 7
12 13 50
2 10 72
6 9 12
0 17 36
7 9 18
1 7 1
9 14 32
13 14 18
10 12 1
16 17 59
3 10 73
3 12 59
1 8 77
8 10 65
4 16 89
3 5 16
9 13 22
0 4 72
9 10 54
6 15 55
6 14 99
0 7 37
3 6 55
4 8 23
1 12 33
9 17 31
2 7 16
9 12 12
1 10 55
1 3 94
3 13 43
7 12 41
2 11 33
3 7 44
15 17 76
10 16 69
3 17 35
1 6 66
3 8 66
6 13 44
11 12 25
2 17 6
10 14 5
1 14 32
6 15 10
0 5 24
3 5 23
4 5 78
1 2 46
1 4 40
0 4 34
3 4 28
0 2 2
1 3 8
2 3 56
0 3 34
0 1 3
2 4 36
1 5 92
2 5 20
4 4 10
0 3 22
2 3 70
1 3 5
1 2 56
16 28 10
3 8 15
7 14 28
7 9 71
7 13 98
5 14 96
6 12 54
7 11 12
7 10 67
14 15 84
5 8 21
10 12 85
10 13 44
1 6 73
10 11 28
1 3 25
8 9 68
11 14 3
9 10 22
4 9 44
6 10 29
0 4 82
8 15 95
0 11 15
2 8 98
0 3 1
4 7 49
3 11 55
5 10 70
22 221 10
7 11 18
5 13 61
11 12 44
16 17 74
1 11 84
19 20 38
9 18 8
4 10 16
10 16 14
0 9 1
7 8 23
10 20 18
15 17 12
9 16 45
12 20 90
11 14 13
0 1 89
12 14 19
2 11 30
18 20 65
11 19 39
14 16 23
11 21 25
1 9 48
12 17 77
4 15 19
4 11 86
4 5 89
2 21 38
5 10 58
0 17 70
2 17 3
4 17 82
14 20 99
9 19 22
7 17 78
16 19 80
7 16 5
9 21 65
3 19 20
9 20 47
17 21 13
9 13 33
12 19 33
0 8 86
12 13 66
10 14 36
4 8 52
5 15 12
2 6 90
10 15 1
6 21 48
4 7 33
2 3 33
6 10 77
10 11 81
10 19 30
3 17 69
4 16 80
4 20 83
8 9 48
3 13 35
15 20 66
3 21 68
16 18 60
1 6 45
4 14 5
4 19 88
4 6 11
5 19 96
16 20 66
3 12 66
7 19 60
14 19 60
3 8 24
2 7 62
1 4 42
17 18 81
6 12 86
9 14 91
17 19 16
6 11 81
1 7 59
0 12 16
0 21 11
1 5 35
18 19 86
7 15 4
14 21 57
3 5 45
8 16 95
0 7 8
4 13 93
13 20 82
5 11 52
6 7 56
11 15 94
18 21 34
15 16 7
5 16 17
10 13 1
3 9 42
5 18 84
2 12 52
11 17 9
1 12 56
6 8 80
0 6 76
8 10 21
3 10 31
5 8 79
0 11 92
5 21 14
2 9 66
9 11 24
6 13 67
8 15 57
0 20 46
10 17 92
1 8 17
12 15 59
17 20 79
10 12 94
0 19 30
0 18 86
15 18 22
0 14 13
11 13 71
0 13 22
0 3 36
3 15 85
13 15 71
7 12 88
5 17 26
14 15 22
8 12 89
2 16 92
5 7 96
7 18 81
9 15 32
12 18 10
4 12 40
7 14 75
0 15 56
1 3 54
12 21 30
2 5 65
11 16 62
15 19 51
1 10 32
5 6 7
2 20 43
8 18 29
6 9 80
5 20 82
0 16 4
1 2 99
1 21 8
13 17 54
0 2 26
3 16 100
8 19 54
16 21 51
0 10 50
8 20 46
14 18 19
7 10 22
7 20 67
1 20 7
15 21 54
12 16 36
4 21 60
13 19 10
9 10 87
2 19 44
13 14 74
3 4 28
8 14 13
6 20 48
3 14 71
3 6 25
6 16 11
6 14 46
7 21 30
13 16 59
3 20 27
8 13 32
2 4 76
1 14 2
3 18 36
20 21 34
6 15 61
7 9 60
8 17 87
3 7 53
2 8 81
2 15 24
7 13 4
1 13 92
2 13 57
9 12 76
4 9 92
5 12 69
10 18 57
8 21 33
5 9 28
0 4 6
2 18 10
4 18 23
13 18 91
9 17 21
10 21 44
1 15 62
6 17 33
1 19 59
6 19 76
11 18 77
8 11 60
11 20 5
14 17 42
13 21 58
17 129 10
5 15 38
0 3 89
3 14 77
5 8 71
0 7 19
12 16 7
12 15 66
5 10 64
10 15 74
1 8 36
3 8 55
5 6 4
5 12 24
0 6 1
4 13 33
5 13 12
7 14 34
0 12 69
15 16 15
8 15 92
7 13 98
1 9 61
2 14 4
0 10 98
4 8 100
0 2 91
3 13 94
1 13 6
12 13 63
6 8 13
7 9 92
7 12 23
7 16 51
10 14 49
0 9 94
1 4 92
6 9 98
12 14 72
2 8 15
0 13 25
0 4 86
7 8 97
9 15 50
5 11 57
0 1 37
2 11 11
4 14 38
3 15 59
6 14 65
4 10 78
8 16 61
1 10 100
14 16 44
1 12 4
2 3 34
11 14 19
4 16 43
8 14 5
13 15 27
1 14 89
2 16 19
4 11 99
1 5 21
10 12 54
2 5 91
3 12 50
3 11 15
2 10 29
4 6 6
9 11 59
2 7 65
6 16 13
10 11 50
1 6 22
0 5 69
1 3 73
6 15 70
7 15 91
5 14 9
2 15 45
0 8 47
2 9 11
5 9 2
1 11 46
5 16 74
9 14 97
4 9 28
11 13 100
6 12 50
3 16 81
6 13 64
1 2 34
3 10 23
2 6 7
3 6 94
1 16 60
9 12 84
10 13 5
3 7 82
8 12 8
0 14 21
4 7 66
7 10 41
11 12 87
9 10 77
0 16 72
6 10 45
5 7 75
3 5 33
3 4 43
9 13 25
1 7 14
1 15 87
2 4 72
11 15 6
8 9 82
10 16 10
8 11 70
2 12 98
8 10 69
13 14 4
9 16 85
14 15 74
6 7 18
4 12 71
13 16 8
4 5 84
8 13 1
0 15 30
4 4 10
2 3 96
0 3 5
1 3 43
0 2 94
12 15 10
1 7 13
1 8 59
1 9 81
0 1 45
0 9 74
1 10 95
2 11 59
8 9 88
2 6 100
3 6 51
2 3 46
0 5 63
3 11 85
5 6 89
4 11 94
0 0 10
9 17 10
5 6 68
4 7 53
0 1 43
1 2 59
6 8 92
4 5 96
2 4 58
7 8 4
6 7 68
4 6 89
3 4 34
5 7 89
0 7 12
1 4 14
1 6 84
0 3 45
2 6 3
19 84 10
6 15 17
1 14 71
1 11 91
1 18 98
11 13 51
3 18 8
13 15 60
1 4 17
7 18 72
4 16 43
9 12 6
3 17 6
0 5 18
6 18 43
14 18 22
5 12 35
1 3 15
4 5 89
7 11 70
2 10 43
11 18 91
10 15 63
10 14 92
1 12 66
13 17 12
9 15 86
4 9 39
0 15 71
11 12 88
1 13 45
8 10 50
1 5 73
6 8 35
6 13 100
5 8 75
4 12 71
11 16 44
0 2 49
12 18 2
6 17 14
1 10 40
7 8 19
2 5 23
1 7 69
2 11 79
17 18 95
15 18 7
5 7 33
5 17 81
8 9 49
2 8 46
6 16 48
9 16 62
10 17 88
9 18 13
5 16 92
0 11 71
7 16 66
5 18 35
4 11 19
8 11 87
2 17 71
9 17 34
7 17 40
8 17 60
0 4 9
0 16 87
4 7 38
14 15 24
12 14 46
1 17 80
10 18 17
1 8 48
5 15 96
3 8 48
3 6 97
7 14 68
5 6 56
4 13 27
3 13 27
12 16 69
8 15 51
12 15 15
3 16 13
15 29 10
3 11 46
4 5 8
7 11 50
9 12 21
2 13 27
1 5 64
2 8 90
2 5 71
2 7 16
6 14 54
3 8 61
1 4 30
3 4 55
5 9 87
6 12 85
1 11 34
6 13 50
0 11 7
3 10 8
5 13 19
7 10 61
13 14 18
10 12 32
9 13 81
0 13 76
8 11 61
3 14 30
11 13 63
4 11 43
5 6 10
0 4 9
3 4 57
0 2 37
1 4 6
1 3 19
1 2 73
20 47 10
5 17 20
1 8 38
7 14 53
7 8 41
0 10 99
0 1 69
6 13 4
4 19 52
6 10 21
4 7 37
12 14 54
3 8 77
11 18 2
15 17 99
18 19 78
6 7 65
1 10 94
9 15 32
3 17 9
2 10 46
10 18 94
9 19 28
14 19 44
3 18 33
6 18 89
14 17 39
13 18 48
5 10 56
16 19 37
10 13 60
11 13 71
4 5 14
3 12 57
10 15 50
4 14 94
3 14 100
0 13 44
3 6 73
1 3 87
6 9 68
1 17 53
10 17 22
2 7 61
3 15 83
5 6 81
9 16 96
4 18 47
2 1 10
0 1 39
21 164 10
7 14 98
13 20 59
6 7 1
4 7 20
1 9 20
10 14 2
7 9 80
0 19 94
2 12 55
1 11 36
7 19 81
18 20 63
3 10 66
8 18 32
9 11 61
14 18 60
4 5 34
10 15 95
1 5 14
1 2 56
3 4 17
10 13 74
1 13 20
16 19 42
7 11 22
2 3 22
6 13 3
8 13 32
8 12 29
9 16 27
6 18 71
1 12 72
11 19 35
5 12 26
0 4 25
9 15 100
15 18 80
14 17 29
5 8 81
12 18 30
11 12 95
8 14 97
2 4 39
4 9 98
6 8 42
3 17 11
11 16 88
4 11 21
3 13 15
9 19 81
3 18 71
4 20 55
14 16 34
10 11 23
19 20 38
2 10 10
4 15 56
9 10 85
4 17 85
2 16 65
15 20 94
11 18 35
11 15 74
9 20 85
6 17 11
10 16 4
8 9 67
7 8 12
14 15 67
10 18 89
1 17 71
17 18 65
1 18 51
8 19 48
0 16 59
5 19 48
8 11 16
11 20 50
0 14 38
6 12 27
10 12 16
0 13 24
12 16 77
1 10 22
5 15 77
2 15 52
4 13 46
14 19 69
1 14 53
7 16 11
0 9 25
5 16 50
3 20 19
0 8 61
6 19 3
3 14 100
13 19 42
4 8 60
11 14 85
2 17 8
2 8 85
3 6 92
12 13 81
6 9 16
1 20 89
1 4 29
12 15 75
3 16 77
8 10 78
5 14 69
2 7 97
1 16 20
12 19 63
3 12 100
4 16 62
0 17 99
6 20 67
0 18 8
13 15 68
3 8 17
7 20 22
2 9 88
8 20 2
7 12 48
1 15 54
8 15 36
9 14 76
3 15 46
5 20 29
13 18 29
12 20 70
4 10 26
3 5 81
3 19 83
16 18 21
16 20 88
2 11 24
9 12 15
2 20 50
2 13 29
4 19 76
13 14 24
6 10 56
10 20 57
8 17 63
2 6 84
5 6 71
0 11 17
0 2 69
0 15 80
5 9 23
4 18 81
4 12 39
4 6 35
16 17 78
5 13 41
3 11 68
18 19 30
5 10 78
11 17 65
0 1 82
9 17 21
7 18 27
13 17 64
10 17 10
0 4 89
0 9 67
7 9 70
5 7 45
3 4 42
4 9 53
1 6 37
5 8 56
1 9 17
2 6 55
4 6 50
0 6 34
3 7 74
2 7 43
2 8 18
3 8 88
8 9 73
18 16 10
4 11 57
0 6 85
15 17 67
3 13 40
0 9 61
8 11 35
6 9 74
9 16 13
0 16 81
5 11 7
7 8 15
11 15 4
7 14 98
3 8 91
9 11 47
5 8 45
17 83 10
10 12 87
8 14 82
14 16 22
0 6 77
4 13 47
2 9 63
0 4 75
5 13 80
6 16 52
7 9 99
7 12 6
3 12 6
5 16 29
3 5 66
1 3 22
3 7 44
1 2 30
10 11 84
0 1 39
2 14 29
2 12 55
6 15 95
8 16 75
8 15 1
0 15 66
2 7 53
0 10 30
3 8 18
2 11 60
9 16 3
14 15 47
2 5 96
4 14 42
0 9 55
7 16 36
8 10 39
1 14 31
5 9 5
3 4 19
3 15 82
1 11 30
11 16 71
9 14 69
7 8 42
7 10 44
2 10 8
4 10 93
0 7 29
3 14 61
9 12 97
2 8 64
1 7 85
6 13 28
4 5 42
1 8 49
6 14 65
1 13 79
7 11 66
11 15 75
5 8 47
10 14 40
0 11 33
5 11 85
4 11 51
2 6 75
0 13 58
8 12 32
8 9 38
5 6 36
7 14 100
4 15 96
3 16 6
12 14 60
10 16 65
11 13 85
4 7 65
1 9 93
6 11 19
0 12 14
4 16 79
0 3 99
3 9 88
13 15 33
12 34 10
1 4 82
0 10 10
3 7 54
0 8 62
8 11 41
4 6 12
1 7 100
1 11 53
0 7 49
2 5 14
1 5 30
7 11 80
0 2 36
6 8 36
7 10 100
6 10 83
4 8 20
5 9 22
5 8 20
3 8 34
4 5 26
3 9 85
0 1 8
1 9 56
3 6 69
5 7 14
5 6 37
4 7 6
1 3 6
1 6 65
5 10 19
0 3 33
6 7 90
1 10 74
8 25 10
2 6 2
0 2 89
4 7 69
0 7 69
1 7 73
1 6 1
0 4 44
4 6 100
3 5 51
1 2 34
1 4 63
3 7 46
2 4 25
6 7 23
0 5 21
0 6 29
5 7 3
1 3 60
3 6 57
5 6 78
4 5 31
2 7 72
2 3 87
0 1 20
0 3 75
15 20 10
3 6 60
4 7 71
8 13 99
1 9 44
5 10 27
9 10 36
6 8 43
2 4 44
0 5 80
5 13 61
0 10 85
8 14 62
0 7 43
0 1 42
6 7 84
5 6 13
4 5 96
11 13 94
6 14 29
9 13 49
8 4 10
0 4 88
2 7 4
6 7 100
3 6 100
22 136 10
9 16 23
9 14 3
7 11 65
0 13 69
14 15 88
17 19 63
4 17 51
16 19 10
12 13 70
3 9 68
5 10 89
6 14 63
5 12 59
5 20 63
5 18 65
4 10 39
11 18 38
5 17 34
15 19 67
6 7 40
7 19 90
10 18 57
10 12 77
0 16 83
5 16 79
3 7 4
3 15 20
2 16 44
7 18 43
3 17 32
15 18 43
14 19 68
8 12 14
10 17 63
4 8 60
8 13 64
4 16 93
11 21 42
1 12 36
7 13 76
3 18 83
0 11 32
18 19 81
6 16 65
2 3 46
8 10 3
7 15 60
4 5 76
4 14 80
9 20 50
12 19 87
1 18 44
6 11 37
12 14 36
14 20 71
8 16 33
14 18 62
10 21 65
9 13 61
1 21 45
2 15 31
13 20 82
16 17 12
3 19 87
10 19 34
7 20 87
1 14 94
1 6 44
0 3 11
12 16 59
4 11 60
5 11 93
12 17 16
13 19 77
13 17 80
3 8 99
5 13 93
6 20 56
0 18 72
19 21 79
2 17 57
8 19 7
5 7 10
6 17 14
12 18 4
0 21 57
3 10 100
1 8 78
7 9 87
9 12 73
18 20 62
7 21 61
4 18 79
5 8 15
4 7 62
4 21 72
9 21 57
11 17 24
11 13 75
5 21 30
10 14 15
15 20 90
1 11 81
1 5 70
5 14 22
2 9 75
14 17 31
13 16 89
2 13 30
6 8 36
1 17 83
1 4 79
0 15 10
0 6 50
9 11 78
1 16 5
12 15 96
7 8 84
7 12 89
3 6 100
13 14 42
2 14 5
1 9 74
11 19 13
6 15 63
7 10 19
10 13 45
2 21 71
16 21 52
4 20 96
2 7 23
11 12 86
11 14 33
12 20 100
6 9 84
7 16 52
16 38 10
8 14 94
3 8 46
0 2 35
4 14 80
8 15 18
4 11 57
3 10 13
2 4 99
7 11 59
7 12 50
8 10 28
7 10 19
0 15 11
10 13 68
0 6 47
2 12 74
6 13 7
7 15 67
3 5 71
11 15 86
0 4 46
9 14 100
1 15 95
12 15 24
0 10 42
3 7 95
13 15 85
10 15 17
7 8 56
3 6 21
2 3 92
0 14 92
4 6 62
2 13 6
9 15 87
2 15 51
8 13 18
6 15 57
3 1 10
1 2 12
19 43 10
5 8 80
7 12 81
2 11 68
7 14 27
8 9 27
5 14 9
9 17 90
2 8 72
4 8 68
14 15 50
4 11 96
1 6 77
14 16 71
0 1 12
9 18 82
9 11 95
2 5 24
0 5 90
2 10 9
9 12 95
7 16 86
0 3 83
13 16 35
13 18 22
0 14 86
11 16 19
3 15 56
10 12 53
0 15 48
1 15 99
10 16 46
0 9 79
5 15 56
9 16 88
3 11 74
3 8 24
4 6 61
15 16 38
15 18 45
4 15 7
1 9 87
2 6 39
0 11 88
3 3 10
1 2 60
0 1 28
0 2 29
15 56 10
10 13 3
5 6 59
10 11 32
9 12 34
8 12 12
6 12 22
11 12 79
1 14 51
6 8 84
7 8 74
12 14 34
0 2 34
7 9 36
5 14 74
5 10 67
9 13 94
1 10 83
0 9 54
2 3 32
3 9 92
2 8 15
8 14 81
6 9 16
7 13 34
2 14 96
2 7 79
3 11 8
2 4 67
1 12 33
6 7 9
3 10 8
4 5 83
8 10 97
4 10 45
6 11 74
8 13 94
3 7 93
11 13 50
0 7 78
2 13 68
2 6 4
3 6 58
7 12 54
1 7 16
0 3 20
2 9 18
1 5 4
2 11 67
1 3 26
5 8 97
4 12 48
1 4 7
6 10 1
10 14 98
3 12 64
4 9 12
3 0 10
21 140 10
3 5 17
1 8 34
8 12 90
4 19 60
1 6 12
1 17 13
7 15 53
10 11 45
3 10 98
2 9 64
7 9 13
12 13 53
17 20 56
11 14 35
0 3 6
16 18 26
10 16 44
10 15 96
2 3 78
3 19 26
4 6 25
8 15 78
1 4 73
7 19 80
9 14 61
1 10 40
0 7 65
0 17 84
0 1 76
0 14 50
4 12 84
8 9 88
12 19 75
6 16 32
1 16 62
10 12 86
5 10 5
17 18 97
13 18 81
11 12 16
1 11 58
7 11 43
0 16 81
9 13 19
6 19 45
5 11 92
19 20 59
9 17 23
14 20 93
15 19 30
0 11 70
1 19 59
16 20 15
2 13 5
13 17 97
4 17 44
8 16 4
0 9 40
6 13 21
8 20 75
11 13 26
11 19 79
15 20 40
14 19 90
4 15 61
2 19 90
2 15 29
13 19 15
7 20 66
3 7 41
13 16 92
17 19 59
4 7 83
7 17 19
5 13 77
0 20 11
8 13 32
9 18 66
5 6 56
8 10 29
10 20 78
3 20 56
0 19 54
1 18 19
10 19 29
0 2 92
9 11 5
8 18 22
2 14 64
6 8 35
11 16 25
2 6 12
6 20 73
5 9 56
5 18 12
1 13 96
3 4 64
1 2 18
18 19 78
3 11 38
10 17 18
13 20 11
11 20 74
0 8 40
2 8 42
9 19 35
4 10 72
1 14 16
14 15 41
15 18 39
10 14 38
14 16 6
1 15 72
4 18 67
5 14 52
1 3 10
1 12 38
9 10 60
5 8 14
13 14 73
0 5 41
1 20 53
1 7 76
2 11 19
3 13 64
4 5 75
3 15 57
8 14 73
14 18 84
2 16 10
0 15 2
6 9 89
2 17 71
7 12 3
12 17 19
11 18 72
5 16 11
2 4 2
5 20 33
11 15 84
15 47 10
4 13 67
10 12 60
4 6 82
0 5 71
5 9 93
3 12 1
1 8 58
0 7 42
3 6 60
3 11 79
2 4 87
7 12 55
10 14 2
3 4 91
2 8 33
0 12 78
4 14 100
6 10 7
1 7 97
5 8 14
1 14 68
2 13 73
5 12 14
0 3 92
1 9 88
6 7 39
0 8 51
5 13 61
12 13 19
0 1 41
1 5 21
2 7 61
7 8 12
4 7 47
0 2 2
3 9 22
11 13 57
4 11 65
3 10 69
9 14 45
9 11 16
10 11 90
5 11 5
0 6 59
4 9 27
5 6 35
2 10 6
21 161 10
0 13 62
2 12 47
19 20 85
6 7 96
10 11 60
12 20 75
11 17 35
11 12 80
3 16 13
0 4 56
4 9 92
5 20 38
15 16 33
10 15 96
1 4 54
2 5 61
8 12 29
4 8 81
12 18 11
1 14 95
15 17 68
2 9 46
6 9 84
7 13 41
0 14 13
1 12 17
3 12 24
14 20 70
7 9 70
13 18 3
7 18 89
0 1 87
13 16 59
2 19 22
8 13 50
16 18 44
1 16 31
9 12 28
10 18 70
12 14 76
6 13 69
8 14 18
1 7 40
10 12 10
1 20 32
8 9 69
14 18 88
9 19 25
13 17 32
11 18 58
2 16 50
16 17 45
5 11 65
0 9 31
6 18 47
4 6 71
3 6 95
1 2 93
2 14 80
9 10 30
3 4 19
6 8 92
4 18 34
5 14 96
11 19 16
4 10 62
4 12 8
14 16 72
6 12 6
0 2 31
8 19 71
7 16 91
12 13 67
6 17 39
5 9 95
3 9 37
9 15 68
4 11 81
0 18 60
4 19 56
12 15 87
11 14 85
15 20 74
16 20 2
5 7 75
9 18 44
2 4 61
5 19 28
14 17 97
9 13 67
3 8 77
13 20 24
5 6 45
3 19 82
3 17 86
2 15 46
2 11 41
4 16 68
2 10 57
17 18 79
9 11 99
5 16 42
1 19 71
8 16 56
8 15 6
1 9 9
13 19 19
9 14 74
3 14 100
6 14 47
0 5 66
7 17 68
1 6 47
0 20 47
11 20 88
8 20 59
18 20 64
2 18 97
6 16 77
14 15 27
1 15 24
12 17 83
16 19 54
4 13 69
7 14 20
2 7 11
14 19 74
10 13 36
7 11 76
9 17 19
5 17 87
3 18 54
1 18 4
7 15 60
4 7 63
10 20 31
8 10 31
2 20 42
7 19 27
17 20 42
18 19 22
1 11 89
2 6 52
17 19 74
10 17 27
2 8 14
5 18 4
2 3 32
8 18 60
0 12 84
0 10 86
4 5 69
7 10 14
4 20 16
7 12 71
5 10 66
3 5 40
5 15 51
0 7 45
3 7 46
15 18 95
11 49 10
7 10 94
4 5 57
4 10 95
2 5 64
0 9 83
0 4 59
5 9 38
0 2 81
6 9 87
4 7 35
8 9 26
0 5 25
2 4 14
1 10 63
0 10 45
9 10 76
0 1 35
0 8 72
4 6 51
1 5 45
5 10 85
8 10 51
7 9 75
2 10 49
3 5 16
2 8 89
1 9 37
3 8 64
3 4 74
1 6 58
1 7 5
5 7 24
2 9 82
3 10 38
1 3 93
5 8 75
1 4 72
3 9 13
0 6 79
7 8 59
1 2 12
0 7 92
2 3 74
2 7 17
3 6 1
6 7 4
3 7 95
0 3 51
6 10 9
14 29 10
0 9 4
1 7 59
0 11 61
1 11 50
7 12 18
1 6 27
2 8 32
5 8 83
4 12 51
2 13 63
6 7 63
10 12 23
0 2 40
5 13 25
10 11 60
4 8 30
8 10 19
2 7 60
5 11 29
7 10 46
9 11 64
8 11 69
3 4 2
4 5 12
1 2 57
1 9 84
2 10 24
0 12 69
0 1 23
6 2 10
0 3 52
3 4 73
13 48 10
0 10 97
4 5 7
0 12 100
4 8 49
2 7 33
6 10 61
5 12 38
1 8 64
2 3 20
4 12 87
0 3 14
9 10 63
8 9 24
1 10 37
8 12 23
3 8 94
4 10 14
9 11 72
6 9 12
6 12 62
7 9 59
5 11 96
10 12 54
5 7 17
7 8 16
3 12 55
8 11 24
0 6 70
6 8 10
9 12 50
2 10 35
7 10 12
10 11 25
1 4 96
8 10 4
0 5 71
1 2 42
2 12 57
7 11 93
2 4 90
3 10 67
3 11 14
5 10 7
0 7 90
11 12 45
0 4 6
3 9 2
0 11 84
17 112 10
14 15 91
3 15 57
6 14 20
0 14 11
8 11 31
5 12 84
8 12 44
9 16 32
6 16 7
5 11 56
6 10 84
8 13 27
7 10 45
7 11 62
0 12 79
1 12 23
14 16 79
10 14 6
4 10 56
0 5 8
2 12 64
11 13 66
1 6 80
0 11 1
10 16 18
0 15 22
1 16 20
2 13 1
6 13 77
2 5 37
9 12 84
11 14 17
2 8 25
4 12 72
10 12 17
8 10 43
2 15 50
1 4 62
5 15 1
0 9 94
2 4 63
1 5 32
3 10 66
2 16 47
2 7 3
0 16 63
4 9 80
3 5 48
11 15 81
1 3 39
1 11 58
2 3 65
3 4 78
13 15 95
13 14 77
5 8 28
10 11 47
3 16 76
7 12 79
3 6 44
9 13 84
3 7 7
4 14 94
0 6 91
12 13 97
5 9 89
3 13 75
15 16 75
10 15 43
8 15 83
8 16 97
1 13 9
6 15 38
9 10 33
1 9 55
11 16 49
2 10 42
4 8 32
0 10 85
12 14 88
7 15 12
9 15 22
11 12 57
7 8 1
3 12 29
12 15 100
4 11 39
5 10 13
7 16 65
3 11 24
1 15 80
0 1 26
8 14 43
9 11 93
1 7 6
0 13 39
0 2 89
6 12 47
5 13 67
6 9 35
2 9 85
0 8 50
7 9 75
1 14 10
4 13 96
3 9 21
2 11 90
2 6 39
6 8 29
6 7 24
1 2 74
5 16 65
6 5 10
4 5 77
2 3 95
0 4 52
0 2 93
0 5 16
4 4 10
0 3 6
1 2 12
0 2 15
0 1 78
18 8 10
0 17 6
8 10 23
8 12 12
7 15 76
4 15 72
3 6 96
4 10 66
12 17 33
0 0 10
18 118 10
10 11 100
15 16 26
8 11 60
6 10 88
13 16 54
3 4 19
2 8 34
3 11 99
4 15 100
7 14 21
11 15 92
10 14 73
5 16 26
1 4 63
13 17 52
7 16 100
2 15 77
4 9 87
2 5 46
0 17 40
0 6 68
8 16 9
6 11 61
2 4 82
9 13 93
5 15 3
0 14 53
12 13 71
0 1 23
0 16 79
3 14 60
2 11 81
3 9 10
7 13 19
6 15 78
2 3 13
2 14 23
10 13 26
1 2 32
0 15 74
10 15 4
1 9 53
5 9 80
11 16 95
8 17 8
3 7 96
8 10 100
5 6 41
4 12 62
9 10 61
6 16 7
5 17 6
7 17 20
3 17 70
1 14 52
0 12 17
1 13 29
8 15 21
11 13 9
7 11 77
9 17 28
8 13 70
6 9 69
15 17 81
16 17 75
11 14 95
0 5 18
5 12 87
7 10 37
5 13 100
2 13 77
1 10 13
5 8 57
6 14 28
3 6 68
0 8 69
0 2 48
4 17 12
13 15 75
11 12 89
0 13 69
2 6 85
1 12 58
9 11 87
5 10 81
14 15 57
7 8 7
0 4 21
1 7 81
12 15 86
0 7 72
0 11 34
1 15 92
7 9 58
1 5 86
1 8 37
2 7 2
6 12 47
9 14 8
11 17 44
14 16 7
8 12 50
2 12 10
8 9 21
4 5 60
0 10 13
5 7 26
8 14 7
12 17 95
12 16 5
4 10 82
2 17 62
4 14 12
10 17 35
1 3 99
6 7 23
3 13 93
7 15 41
10 2 10
3 8 25
3 9 98
15 90 10
3 9 37
0 9 65
3 5 31
1 4 84
4 9 70
13 14 1
7 11 93
6 9 37
10 11 68
0 13 96
4 7 50
0 5 76
3 7 20
7 9 39
7 10 73
0 14 55
5 9 71
0 12 14
3 4 32
1 7 51
2 8 69
2 11 49
1 6 13
11 12 69
1 13 54
10 14 73
0 10 4
0 3 78
8 14 64
3 14 59
5 6 63
3 8 71
2 4 25
3 10 9
0 6 80
4 10 64
9 11 63
2 6 67
12 13 34
2 7 27
1 11 78
1 2 91
10 13 15
2 13 94
8 12 84
2 14 96
8 9 49
4 8 14
12 14 34
4 13 67
0 8 27
2 3 21
1 5 49
9 14 75
5 13 66
3 12 89
6 14 47
3 6 9
0 7 10
9 10 50
9 12 44
1 3 67
5 7 72
0 11 18
6 12 32
1 8 26
7 12 4
5 12 67
8 11 15
11 14 48
4 6 14
10 12 21
8 10 80
1 12 99
2 12 61
8 13 56
1 9 76
5 8 97
11 13 17
4 12 10
9 13 97
7 13 61
4 14 74
0 1 7
3 11 37
6 10 2
7 8 80
5 14 77
1 10 54
2 9 4
0
