21 220 10
12 71 10
12 71 10
4 7 10
12 71 10
18 161 10
19 180 10
11 60 10
2 1 10
11 60 10
8 31 10
21 220 10
4 7 10
3 4 10
7 24 10
8 31 10
13 84 10
10 49 10
17 144 10
6 17 10
21 220 10
6 17 10
15 112 10
13 84 10
11 60 10
0 -1 10
8 31 10
10 49 10
4 7 10
16 127 10
4 7 10
16 127 10
20 199 10
7 24 10
16 127 10
3 4 10
4 7 10
21 220 10
16 127 10
5 12 10
17 144 10
20 199 10
11 60 10
21 220 10
23 264 10
6 17 10
18 161 10
9 40 10
9 40 10
7 24 10
20 199 10
4 7 10
10 49 10
14 97 10
7 24 10
16 127 10
5 12 10
0 -1 10
18 161 10
1 0 10
12 71 10
20 199 10
14 97 10
3 4 10
0 -1 10
14 97 10
8 31 10
21 220 10
15 112 10
1 0 10
6 17 10
12 71 10
18 161 10
21 220 10
0 -1 10
5 12 10
21 220 10
10 49 10
15 112 10
9 40 10
12 71 10
1 0 10
8 31 10
10 49 10
21 220 10
5 12 10
16 127 10
5 12 10
3 4 10
14 97 10
16 127 10
11 60 10
9 40 10
12 71 10
5 12 10
3 4 10
22 241 10
7 24 10
5 12 10
14 97 10
0
